# OpenSignals Text File Format. Version 1
# {"84:BA:20:5E:FF:67": {"position": 0, "device": "bitalino_rev", "device name": "84:BA:20:5E:FF:67", "device connection": "BTH84:BA:20:5E:FF:67", "sampling rate": 100, "resolution": [4, 1, 1, 1, 1, 10, 10, 10, 10, 6, 6], "firmware version": 1282, "comments": "", "keywords": "", "mode": 0, "sync interval": 2, "date": "2024-3-2", "time": "19:42:28.851", "channels": [1, 2, 3, 4, 5, 6], "sensor": ["EMGBITREV", "ECGBIT", "EDABITREV", "EEGBITREV", "ACCBITREV", "LUX"], "label": ["A1", "A2", "A3", "A4", "A5", "A6"], "column": ["nSeq", "I1", "I2", "O1", "O2", "A1", "A2", "A3", "A4", "A5", "A6"], "special": [{}, {}, {}, {}, {}, {}], "digital IO": [0, 0, 1, 1]}}
# EndOfHeader
0	0	0	0	0	508	500	0	539	39	0	
1	0	0	0	0	515	503	0	500	39	0	
2	0	0	0	0	515	504	0	528	39	0	
3	0	0	0	0	521	508	0	495	39	0	
4	0	0	0	0	508	504	0	521	39	0	
5	0	0	0	0	515	506	0	501	39	0	
6	0	0	0	0	511	505	0	529	39	0	
7	0	0	0	0	518	527	0	493	39	0	
8	0	0	0	0	507	575	0	529	39	0	
9	0	0	0	0	519	583	0	493	39	0	
10	0	0	0	0	514	446	0	533	39	0	
11	0	0	0	0	512	355	0	490	39	0	
12	0	0	0	0	512	369	0	526	39	0	
13	0	0	0	0	515	475	0	495	39	0	
14	0	0	0	0	516	555	0	527	39	0	
15	0	0	0	0	520	563	0	493	39	0	
0	0	0	0	0	510	560	0	519	39	0	
1	0	0	0	0	514	558	0	494	39	0	
2	0	0	0	0	509	553	0	527	39	0	
3	0	0	0	0	515	549	0	496	39	0	
4	0	0	0	0	515	546	0	528	39	0	
5	0	0	0	0	517	545	0	495	39	0	
6	0	0	0	0	514	543	0	533	39	0	
7	0	0	0	0	520	543	0	495	39	0	
8	0	0	0	0	512	544	0	539	39	0	
9	0	0	0	0	510	551	0	496	39	0	
10	0	0	0	0	515	550	0	530	39	0	
11	0	0	0	0	508	552	0	505	39	0	
12	0	0	0	0	511	557	0	523	39	0	
13	0	0	0	0	517	557	0	495	39	0	
14	0	0	0	0	513	552	0	533	39	0	
15	0	0	0	0	515	546	0	496	39	0	
0	0	0	0	0	517	536	0	518	39	0	
1	0	0	0	0	519	528	0	489	39	0	
2	0	0	0	0	511	514	0	534	39	0	
3	0	0	0	0	517	502	0	497	39	0	
4	0	0	0	0	516	491	0	534	39	0	
5	0	0	0	0	516	486	0	486	39	0	
6	0	0	0	0	510	479	0	522	39	0	
7	0	0	0	0	516	479	0	492	39	0	
8	0	0	0	0	520	480	0	529	39	0	
9	0	0	0	0	508	482	0	494	39	0	
10	0	0	0	0	508	483	0	534	39	0	
11	0	0	0	0	511	487	0	497	39	0	
12	0	0	0	0	508	489	0	527	39	0	
13	0	0	0	0	516	496	0	489	39	0	
14	0	0	0	0	518	496	0	528	39	0	
15	0	0	0	0	521	497	0	489	39	0	
0	0	0	0	0	509	500	0	531	39	0	
1	0	0	0	0	515	500	0	490	39	0	
2	0	0	0	0	515	504	0	525	39	0	
3	0	0	0	0	510	508	0	491	39	0	
4	0	0	0	0	513	511	0	539	39	0	
5	0	0	0	0	511	513	0	489	39	0	
6	0	0	0	0	511	515	0	536	39	0	
7	0	0	0	0	515	515	0	491	39	0	
8	0	0	0	0	504	513	0	519	39	0	
9	0	0	0	0	515	513	0	496	39	0	
10	0	0	0	0	514	510	0	527	39	0	
11	0	0	0	0	517	510	0	492	39	0	
12	0	0	0	0	506	508	0	529	39	0	
13	0	0	0	0	519	504	0	494	39	0	
14	0	0	0	0	517	504	0	528	39	0	
15	0	0	0	0	513	507	0	495	39	0	
0	0	0	0	0	515	512	0	531	39	0	
1	0	0	0	0	505	508	0	488	39	0	
2	0	0	0	0	511	513	0	521	39	0	
3	0	0	0	0	512	506	0	494	39	0	
4	0	0	0	0	511	496	0	520	39	0	
5	0	0	0	0	514	493	0	493	39	0	
6	0	0	0	0	519	492	0	524	39	0	
7	0	0	0	0	518	488	0	497	39	0	
8	0	0	0	0	515	489	0	526	39	0	
9	0	0	0	0	514	491	0	493	39	0	
10	0	0	0	0	513	491	0	527	39	0	
11	0	0	0	0	511	489	0	493	39	0	
12	0	0	0	0	517	487	0	525	39	0	
13	0	0	0	0	508	486	0	489	39	0	
14	0	0	0	0	515	490	0	512	39	0	
15	0	0	0	0	510	491	0	507	39	0	
0	0	0	0	0	509	514	0	509	39	0	
1	0	0	0	0	515	571	0	508	39	0	
2	0	0	0	0	511	524	0	515	39	0	
3	0	0	0	0	514	392	0	519	39	0	
4	0	0	0	0	515	325	0	513	39	0	
5	0	0	0	0	517	358	0	505	39	0	
6	0	0	0	0	511	476	0	522	39	0	
7	0	0	0	0	513	537	0	508	39	0	
8	0	0	0	0	511	536	0	508	39	0	
9	0	0	0	0	512	535	0	511	39	0	
10	0	0	0	0	515	531	0	513	39	0	
11	0	0	0	0	516	527	0	509	39	0	
12	0	0	0	0	511	518	0	514	39	0	
13	0	0	0	0	505	520	0	511	39	0	
14	0	0	0	0	509	518	0	519	39	0	
15	0	0	0	0	512	519	0	511	39	0	
0	0	0	0	0	513	518	0	512	39	0	
1	0	0	0	0	513	521	0	508	39	0	
2	0	0	0	0	519	525	0	504	39	0	
3	0	0	0	0	512	532	0	502	39	0	
4	0	0	0	0	511	536	0	512	39	0	
5	0	0	0	0	511	539	0	503	39	0	
6	0	0	0	0	512	536	0	517	39	0	
7	0	0	0	0	514	532	0	508	39	0	
8	0	0	0	0	513	523	0	516	39	0	
9	0	0	0	0	508	513	0	500	39	0	
10	0	0	0	0	518	496	0	503	39	0	
11	0	0	0	0	508	477	0	508	39	0	
12	0	0	0	0	510	461	0	517	39	0	
13	0	0	0	0	510	448	0	499	39	0	
14	0	0	0	0	509	443	0	514	39	0	
15	0	0	0	0	516	441	0	512	39	0	
0	0	0	0	0	517	445	0	516	39	0	
1	0	0	0	0	508	449	0	500	39	0	
2	0	0	0	0	515	455	0	512	39	0	
3	0	0	0	0	521	462	0	515	39	0	
4	0	0	0	0	514	469	0	517	39	0	
5	0	0	0	0	512	479	0	509	39	0	
6	0	0	0	0	514	483	0	515	39	0	
7	0	0	0	0	514	487	0	512	39	0	
8	0	0	0	0	513	493	0	514	39	0	
9	0	0	0	0	516	496	0	509	39	0	
10	0	0	0	0	518	499	0	506	39	0	
11	0	0	0	0	510	505	0	506	39	0	
12	0	0	0	0	512	509	0	508	39	0	
13	0	0	0	0	510	509	0	510	39	0	
14	0	0	0	0	518	508	0	511	39	0	
15	0	0	0	0	512	508	0	512	39	0	
0	0	0	0	0	518	509	0	519	39	0	
1	0	0	0	0	515	509	0	508	39	0	
2	0	0	0	0	515	509	0	502	39	0	
3	0	0	0	0	518	512	0	500	39	0	
4	0	0	0	0	511	513	0	510	39	0	
5	0	0	0	0	513	513	0	509	39	0	
6	0	0	0	0	514	516	0	516	39	0	
7	0	0	0	0	516	519	0	511	39	0	
8	0	0	0	0	514	519	0	507	39	0	
9	0	0	0	0	510	524	0	506	39	0	
10	0	0	0	0	512	527	0	510	39	0	
11	0	0	0	0	519	529	0	510	39	0	
12	0	0	0	0	512	533	0	512	39	0	
13	0	0	0	0	516	526	0	515	39	0	
14	0	0	0	0	511	519	0	513	39	0	
15	0	0	0	0	511	521	0	514	39	0	
0	0	0	0	0	510	519	0	505	39	0	
1	0	0	0	0	518	514	0	513	39	0	
2	0	0	0	0	512	516	0	510	39	0	
3	0	0	0	0	510	518	0	508	39	0	
4	0	0	0	0	511	519	0	514	39	0	
5	0	0	0	0	509	520	0	502	39	0	
6	0	0	0	0	512	518	0	512	39	0	
7	0	0	0	0	512	519	0	509	39	0	
8	0	0	0	0	509	520	0	507	39	0	
9	0	0	0	0	512	528	0	511	39	0	
10	0	0	0	0	517	560	0	513	39	0	
11	0	0	0	0	513	616	0	507	39	0	
12	0	0	0	0	508	518	0	509	39	0	
13	0	0	0	0	507	408	0	519	39	0	
14	0	0	0	0	513	364	0	506	39	0	
15	0	0	0	0	511	426	0	507	39	0	
0	0	0	0	0	508	543	0	509	39	0	
1	0	0	0	0	516	575	0	514	39	0	
2	0	0	0	0	510	575	0	518	39	0	
3	0	0	0	0	517	571	0	509	39	0	
4	0	0	0	0	512	566	0	510	39	0	
5	0	0	0	0	511	563	0	508	39	0	
6	0	0	0	0	511	560	0	511	39	0	
7	0	0	0	0	508	556	0	506	39	0	
8	0	0	0	0	511	557	0	520	39	0	
9	0	0	0	0	511	556	0	507	39	0	
10	0	0	0	0	519	553	0	516	39	0	
11	0	0	0	0	516	553	0	504	39	0	
12	0	0	0	0	512	554	0	507	39	0	
13	0	0	0	0	519	557	0	513	39	0	
14	0	0	0	0	515	559	0	511	39	0	
15	0	0	0	0	516	558	0	508	39	0	
0	0	0	0	0	513	554	0	506	39	0	
1	0	0	0	0	517	550	0	510	39	0	
2	0	0	0	0	513	540	0	513	39	0	
3	0	0	0	0	510	524	0	507	39	0	
4	0	0	0	0	512	507	0	508	39	0	
5	0	0	0	0	513	488	0	512	39	0	
6	0	0	0	0	512	473	0	511	39	0	
7	0	0	0	0	514	463	0	505	39	0	
8	0	0	0	0	512	456	0	516	39	0	
9	0	0	0	0	509	458	0	504	39	0	
10	0	0	0	0	511	461	0	508	39	0	
11	0	0	0	0	513	466	0	513	39	0	
12	0	0	0	0	517	472	0	517	39	0	
13	0	0	0	0	514	475	0	512	39	0	
14	0	0	0	0	513	482	0	505	39	0	
15	0	0	0	0	509	486	0	508	39	0	
0	0	0	0	0	511	491	0	513	39	0	
1	0	0	0	0	513	493	0	506	39	0	
2	0	0	0	0	519	495	0	516	39	0	
3	0	0	0	0	515	498	0	506	39	0	
4	0	0	0	0	516	500	0	514	39	0	
5	0	0	0	0	513	502	0	517	39	0	
6	0	0	0	0	512	505	0	512	39	0	
7	0	0	0	0	508	504	0	504	39	0	
8	0	0	0	0	518	503	0	507	39	0	
9	0	0	0	0	510	502	0	508	39	0	
10	0	0	0	0	511	503	0	518	39	0	
11	0	0	0	0	510	501	0	504	39	0	
12	0	0	0	0	515	503	0	518	39	0	
13	0	0	0	0	520	505	0	504	39	0	
14	0	0	0	0	510	505	0	511	39	0	
15	0	0	0	0	510	508	0	505	39	0	
0	0	0	0	0	516	511	0	504	39	0	
1	0	0	0	0	519	516	0	514	39	0	
2	0	0	0	0	515	521	0	515	39	0	
3	0	0	0	0	511	520	0	507	39	0	
4	0	0	0	0	514	522	0	516	39	0	
5	0	0	0	0	515	513	0	513	39	0	
6	0	0	0	0	509	509	0	505	39	0	
7	0	0	0	0	517	508	0	513	39	0	
8	0	0	0	0	511	502	0	516	39	0	
9	0	0	0	0	516	501	0	509	39	0	
10	0	0	0	0	512	501	0	514	39	0	
11	0	0	0	0	514	502	0	504	39	0	
12	0	0	0	0	515	502	0	521	39	0	
13	0	0	0	0	513	505	0	510	39	0	
14	0	0	0	0	516	506	0	514	39	0	
15	0	0	0	0	513	507	0	511	39	0	
0	0	0	0	0	518	509	0	524	39	0	
1	0	0	0	0	511	520	0	513	39	0	
2	0	0	0	0	518	556	0	521	39	0	
3	0	0	0	0	512	606	0	503	39	0	
4	0	0	0	0	512	493	0	519	39	0	
5	0	0	0	0	514	391	0	516	39	0	
6	0	0	0	0	515	360	0	511	39	0	
7	0	0	0	0	514	423	0	503	39	0	
8	0	0	0	0	510	536	0	513	39	0	
9	0	0	0	0	519	563	0	505	39	0	
10	0	0	0	0	517	560	0	504	39	0	
11	0	0	0	0	511	557	0	497	39	0	
12	0	0	0	0	509	552	0	515	39	0	
13	0	0	0	0	513	548	0	508	39	0	
14	0	0	0	0	516	544	0	516	39	0	
15	0	0	0	0	517	543	0	510	39	0	
0	0	0	0	0	520	542	0	512	39	0	
1	0	0	0	0	513	543	0	519	39	0	
2	0	0	0	0	510	545	0	504	39	0	
3	0	0	0	0	513	543	0	510	39	0	
4	0	0	0	0	517	547	0	509	39	0	
5	0	0	0	0	514	551	0	508	39	0	
6	0	0	0	0	515	551	0	521	39	0	
7	0	0	0	0	511	550	0	510	39	0	
8	0	0	0	0	514	547	0	518	39	0	
9	0	0	0	0	514	538	0	515	39	0	
10	0	0	0	0	519	523	0	512	39	0	
11	0	0	0	0	510	509	0	512	39	0	
12	0	0	0	0	513	490	0	512	39	0	
13	0	0	0	0	511	470	0	512	39	0	
14	0	0	0	0	519	456	0	510	39	0	
15	0	0	0	0	519	448	0	513	39	0	
0	0	0	0	0	513	446	0	508	39	0	
1	0	0	0	0	516	448	0	508	39	0	
2	0	0	0	0	512	451	0	512	39	0	
3	0	0	0	0	510	456	0	504	39	0	
4	0	0	0	0	514	463	0	508	39	0	
5	0	0	0	0	516	471	0	508	39	0	
6	0	0	0	0	515	476	0	512	39	0	
7	0	0	0	0	511	481	0	507	39	0	
8	0	0	0	0	508	484	0	512	39	0	
9	0	0	0	0	512	488	0	503	39	0	
10	0	0	0	0	528	491	0	509	39	0	
11	0	0	0	0	521	493	0	509	39	0	
12	0	0	0	0	512	496	0	511	39	0	
13	0	0	0	0	515	497	0	511	39	0	
14	0	0	0	0	509	503	0	512	39	0	
15	0	0	0	0	513	504	0	510	39	0	
0	0	0	0	0	509	504	0	517	39	0	
1	0	0	0	0	521	508	0	507	39	0	
2	0	0	0	0	515	508	0	514	39	0	
3	0	0	0	0	514	508	0	508	39	0	
4	0	0	0	0	513	508	0	515	39	0	
5	0	0	0	0	517	509	0	512	39	0	
6	0	0	0	0	511	509	0	508	39	0	
7	0	0	0	0	511	507	0	515	39	0	
8	0	0	0	0	513	511	0	518	39	0	
9	0	0	0	0	516	512	0	511	39	0	
10	0	0	0	0	520	508	0	512	39	0	
11	0	0	0	0	516	513	0	501	39	0	
12	0	0	0	0	513	509	0	521	39	0	
13	0	0	0	0	516	504	0	510	39	0	
14	0	0	0	0	510	505	0	514	39	0	
15	0	0	0	0	512	503	0	509	39	0	
0	0	0	0	0	513	502	0	512	39	0	
1	0	0	0	0	511	505	0	508	39	0	
2	0	0	0	0	518	509	0	513	39	0	
3	0	0	0	0	510	510	0	503	39	0	
4	0	0	0	0	517	513	0	513	39	0	
5	0	0	0	0	513	515	0	503	39	0	
6	0	0	0	0	518	516	0	512	39	0	
7	0	0	0	0	513	517	0	513	39	0	
8	0	0	0	0	510	528	0	511	39	0	
9	0	0	0	0	515	564	0	504	39	0	
10	0	0	0	0	516	617	0	509	39	0	
11	0	0	0	0	517	506	0	508	39	0	
12	0	0	0	0	510	401	0	508	39	0	
13	0	0	0	0	519	368	0	511	39	0	
14	0	0	0	0	514	427	0	515	39	0	
15	0	0	0	0	514	542	0	508	39	0	
0	0	0	0	0	509	566	0	512	39	0	
1	0	0	0	0	508	564	0	507	39	0	
2	0	0	0	0	515	559	0	515	39	0	
3	0	0	0	0	513	556	0	507	39	0	
4	0	0	0	0	514	550	0	516	39	0	
5	0	0	0	0	514	549	0	501	39	0	
6	0	0	0	0	513	548	0	517	39	0	
7	0	0	0	0	516	547	0	507	39	0	
8	0	0	0	0	519	544	0	519	39	0	
9	0	0	0	0	517	544	0	506	39	0	
10	0	0	0	0	510	546	0	509	39	0	
11	0	0	0	0	510	549	0	512	39	0	
12	0	0	0	0	517	551	0	518	39	0	
13	0	0	0	0	511	552	0	510	39	0	
14	0	0	0	0	517	554	0	517	39	0	
15	0	0	0	0	522	552	0	511	39	0	
0	0	0	0	0	513	542	0	515	39	0	
1	0	0	0	0	515	532	0	506	39	0	
2	0	0	0	0	515	516	0	516	39	0	
3	0	0	0	0	516	500	0	517	39	0	
4	0	0	0	0	515	481	0	509	39	0	
5	0	0	0	0	516	467	0	509	39	0	
6	0	0	0	0	515	458	0	520	39	0	
7	0	0	0	0	515	452	0	518	39	0	
8	0	0	0	0	513	450	0	506	39	0	
9	0	0	0	0	515	452	0	500	39	0	
10	0	0	0	0	512	455	0	513	39	0	
11	0	0	0	0	508	465	0	506	39	0	
12	0	0	0	0	516	472	0	515	39	0	
13	0	0	0	0	513	479	0	508	39	0	
14	0	0	0	0	512	484	0	517	39	0	
15	0	0	0	0	509	489	0	504	39	0	
0	0	0	0	0	515	491	0	511	39	0	
1	0	0	0	0	513	494	0	508	39	0	
2	0	0	0	0	518	496	0	509	39	0	
3	0	0	0	0	516	498	0	513	39	0	
4	0	0	0	0	511	499	0	510	39	0	
5	0	0	0	0	513	499	0	511	39	0	
6	0	0	0	0	519	499	0	516	39	0	
7	0	0	0	0	516	499	0	507	39	0	
8	0	0	0	0	514	501	0	507	39	0	
9	0	0	0	0	505	502	0	511	39	0	
10	0	0	0	0	509	500	0	516	39	0	
11	0	0	0	0	513	502	0	512	39	0	
12	0	0	0	0	514	503	0	509	39	0	
13	0	0	0	0	519	506	0	507	39	0	
14	0	0	0	0	512	511	0	510	39	0	
15	0	0	0	0	521	515	0	511	39	0	
0	0	0	0	0	515	513	0	503	39	0	
1	0	0	0	0	512	520	0	506	39	0	
2	0	0	0	0	517	515	0	515	39	0	
3	0	0	0	0	510	505	0	507	39	0	
4	0	0	0	0	512	504	0	510	39	0	
5	0	0	0	0	518	502	0	514	39	0	
6	0	0	0	0	520	500	0	516	39	0	
7	0	0	0	0	517	500	0	513	39	0	
8	0	0	0	0	518	503	0	512	39	0	
9	0	0	0	0	509	505	0	505	39	0	
10	0	0	0	0	512	506	0	504	39	0	
11	0	0	0	0	515	504	0	508	39	0	
12	0	0	0	0	508	506	0	515	39	0	
13	0	0	0	0	526	509	0	509	39	0	
14	0	0	0	0	518	515	0	513	39	0	
15	0	0	0	0	515	550	0	512	39	0	
0	0	0	0	0	514	603	0	525	39	0	
1	0	0	0	0	510	497	0	506	39	0	
2	0	0	0	0	515	395	0	514	39	0	
3	0	0	0	0	515	359	0	512	39	0	
4	0	0	0	0	514	411	0	509	39	0	
5	0	0	0	0	512	529	0	502	39	0	
6	0	0	0	0	514	558	0	512	39	0	
7	0	0	0	0	515	556	0	507	39	0	
8	0	0	0	0	515	552	0	509	39	0	
9	0	0	0	0	515	548	0	505	39	0	
10	0	0	0	0	516	545	0	512	39	0	
11	0	0	0	0	511	544	0	515	39	0	
12	0	0	0	0	519	541	0	512	39	0	
13	0	0	0	0	513	541	0	502	39	0	
14	0	0	0	0	514	543	0	509	39	0	
15	0	0	0	0	518	544	0	508	39	0	
0	0	0	0	0	517	546	0	514	39	0	
1	0	0	0	0	510	547	0	505	39	0	
2	0	0	0	0	506	550	0	503	39	0	
3	0	0	0	0	514	550	0	506	39	0	
4	0	0	0	0	520	552	0	515	39	0	
5	0	0	0	0	512	550	0	515	39	0	
6	0	0	0	0	517	544	0	509	39	0	
7	0	0	0	0	510	534	0	505	39	0	
8	0	0	0	0	514	518	0	517	39	0	
9	0	0	0	0	518	498	0	503	39	0	
10	0	0	0	0	507	477	0	512	39	0	
11	0	0	0	0	516	461	0	505	39	0	
12	0	0	0	0	520	452	0	513	39	0	
13	0	0	0	0	512	448	0	509	39	0	
14	0	0	0	0	510	450	0	515	39	0	
15	0	0	0	0	511	454	0	512	39	0	
0	0	0	0	0	514	461	0	516	39	0	
1	0	0	0	0	515	469	0	503	39	0	
2	0	0	0	0	512	475	0	519	39	0	
3	0	0	0	0	512	482	0	508	39	0	
4	0	0	0	0	512	488	0	515	39	0	
5	0	0	0	0	513	491	0	508	39	0	
6	0	0	0	0	512	495	0	508	39	0	
7	0	0	0	0	517	499	0	504	39	0	
8	0	0	0	0	516	504	0	514	39	0	
9	0	0	0	0	508	504	0	508	39	0	
10	0	0	0	0	515	504	0	504	39	0	
11	0	0	0	0	510	504	0	505	39	0	
12	0	0	0	0	511	507	0	518	39	0	
13	0	0	0	0	515	508	0	513	39	0	
14	0	0	0	0	510	508	0	507	39	0	
15	0	0	0	0	511	509	0	512	39	0	
0	0	0	0	0	515	511	0	518	39	0	
1	0	0	0	0	513	512	0	512	39	0	
2	0	0	0	0	515	511	0	509	39	0	
3	0	0	0	0	515	514	0	507	39	0	
4	0	0	0	0	515	519	0	506	39	0	
5	0	0	0	0	506	519	0	514	39	0	
6	0	0	0	0	512	520	0	521	39	0	
7	0	0	0	0	518	518	0	513	39	0	
8	0	0	0	0	514	505	0	508	39	0	
9	0	0	0	0	509	501	0	513	39	0	
10	0	0	0	0	510	502	0	524	39	0	
11	0	0	0	0	519	502	0	506	39	0	
12	0	0	0	0	510	500	0	511	39	0	
13	0	0	0	0	512	504	0	502	39	0	
14	0	0	0	0	513	508	0	517	39	0	
15	0	0	0	0	508	511	0	505	39	0	
0	0	0	0	0	520	511	0	510	39	0	
1	0	0	0	0	515	511	0	514	39	0	
2	0	0	0	0	512	512	0	517	39	0	
3	0	0	0	0	508	513	0	508	39	0	
4	0	0	0	0	515	534	0	508	39	0	
5	0	0	0	0	517	591	0	507	39	0	
6	0	0	0	0	518	560	0	507	39	0	
7	0	0	0	0	520	438	0	508	39	0	
8	0	0	0	0	515	371	0	515	39	0	
9	0	0	0	0	517	378	0	508	39	0	
10	0	0	0	0	513	485	0	521	39	0	
11	0	0	0	0	514	556	0	510	39	0	
12	0	0	0	0	515	557	0	519	39	0	
13	0	0	0	0	511	555	0	513	39	0	
14	0	0	0	0	514	552	0	520	39	0	
15	0	0	0	0	512	549	0	508	39	0	
0	0	0	0	0	525	547	0	512	39	0	
1	0	0	0	0	513	547	0	505	39	0	
2	0	0	0	0	512	547	0	513	39	0	
3	0	0	0	0	509	546	0	512	39	0	
4	0	0	0	0	507	547	0	512	39	0	
5	0	0	0	0	515	548	0	508	39	0	
6	0	0	0	0	509	552	0	519	39	0	
7	0	0	0	0	515	552	0	506	39	0	
8	0	0	0	0	515	552	0	510	39	0	
9	0	0	0	0	511	552	0	515	39	0	
10	0	0	0	0	517	548	0	510	39	0	
11	0	0	0	0	505	542	0	507	39	0	
12	0	0	0	0	515	531	0	501	39	0	
13	0	0	0	0	518	517	0	506	39	0	
14	0	0	0	0	513	499	0	511	39	0	
15	0	0	0	0	515	480	0	515	39	0	
0	0	0	0	0	510	464	0	502	39	0	
1	0	0	0	0	516	452	0	508	39	0	
2	0	0	0	0	511	447	0	515	39	0	
3	0	0	0	0	516	446	0	509	39	0	
4	0	0	0	0	512	451	0	508	39	0	
5	0	0	0	0	511	455	0	503	39	0	
6	0	0	0	0	518	460	0	510	39	0	
7	0	0	0	0	514	468	0	508	39	0	
8	0	0	0	0	509	475	0	513	39	0	
9	0	0	0	0	508	481	0	511	39	0	
10	0	0	0	0	516	487	0	504	39	0	
11	0	0	0	0	516	495	0	508	39	0	
12	0	0	0	0	512	499	0	526	39	0	
13	0	0	0	0	515	502	0	507	39	0	
14	0	0	0	0	518	504	0	506	39	0	
15	0	0	0	0	518	504	0	509	39	0	
0	0	0	0	0	507	507	0	512	39	0	
1	0	0	0	0	512	510	0	509	39	0	
2	0	0	0	0	513	511	0	515	39	0	
3	0	0	0	0	515	511	0	510	39	0	
4	0	0	0	0	519	510	0	518	39	0	
5	0	0	0	0	509	509	0	513	39	0	
6	0	0	0	0	525	510	0	508	39	0	
7	0	0	0	0	517	510	0	513	39	0	
8	0	0	0	0	516	512	0	508	39	0	
9	0	0	0	0	515	514	0	505	39	0	
10	0	0	0	0	523	519	0	509	39	0	
11	0	0	0	0	514	515	0	504	39	0	
12	0	0	0	0	511	512	0	518	39	0	
13	0	0	0	0	507	508	0	506	39	0	
14	0	0	0	0	512	504	0	517	39	0	
15	0	0	0	0	515	502	0	512	39	0	
0	0	0	0	0	513	505	0	512	39	0	
1	0	0	0	0	512	503	0	502	39	0	
2	0	0	0	0	515	504	0	505	39	0	
3	0	0	0	0	519	506	0	507	39	0	
4	0	0	0	0	511	505	0	511	39	0	
5	0	0	0	0	512	504	0	507	39	0	
6	0	0	0	0	508	505	0	513	39	0	
7	0	0	0	0	515	513	0	511	39	0	
8	0	0	0	0	516	535	0	515	39	0	
9	0	0	0	0	514	600	0	507	39	0	
10	0	0	0	0	504	587	0	510	39	0	
11	0	0	0	0	516	463	0	509	39	0	
12	0	0	0	0	511	377	0	499	39	0	
13	0	0	0	0	513	367	0	505	39	0	
14	0	0	0	0	522	463	0	508	39	0	
15	0	0	0	0	516	545	0	511	39	0	
0	0	0	0	0	512	558	0	520	39	0	
1	0	0	0	0	515	557	0	517	39	0	
2	0	0	0	0	516	552	0	510	39	0	
3	0	0	0	0	517	551	0	516	39	0	
4	0	0	0	0	519	547	0	512	39	0	
5	0	0	0	0	511	546	0	508	39	0	
6	0	0	0	0	515	543	0	503	39	0	
7	0	0	0	0	519	542	0	513	39	0	
8	0	0	0	0	513	540	0	515	39	0	
9	0	0	0	0	513	541	0	507	39	0	
10	0	0	0	0	509	542	0	511	39	0	
11	0	0	0	0	518	543	0	513	39	0	
12	0	0	0	0	513	542	0	514	39	0	
13	0	0	0	0	519	542	0	507	39	0	
14	0	0	0	0	513	538	0	509	39	0	
15	0	0	0	0	515	532	0	504	39	0	
0	0	0	0	0	509	524	0	505	39	0	
1	0	0	0	0	512	513	0	512	39	0	
2	0	0	0	0	518	501	0	516	39	0	
3	0	0	0	0	514	486	0	516	39	0	
4	0	0	0	0	513	471	0	508	39	0	
5	0	0	0	0	514	457	0	514	39	0	
6	0	0	0	0	519	449	0	511	39	0	
7	0	0	0	0	508	446	0	508	39	0	
8	0	0	0	0	515	448	0	509	39	0	
9	0	0	0	0	516	452	0	507	39	0	
10	0	0	0	0	509	458	0	506	39	0	
11	0	0	0	0	518	462	0	515	39	0	
12	0	0	0	0	514	467	0	519	39	0	
13	0	0	0	0	516	473	0	510	39	0	
14	0	0	0	0	514	477	0	508	39	0	
15	0	0	0	0	515	486	0	507	39	0	
0	0	0	0	0	517	494	0	510	39	0	
1	0	0	0	0	517	496	0	514	39	0	
2	0	0	0	0	509	499	0	522	39	0	
3	0	0	0	0	513	501	0	512	39	0	
4	0	0	0	0	508	503	0	512	39	0	
5	0	0	0	0	519	505	0	510	39	0	
6	0	0	0	0	519	508	0	518	39	0	
7	0	0	0	0	518	511	0	513	39	0	
8	0	0	0	0	509	514	0	508	39	0	
9	0	0	0	0	508	519	0	507	39	0	
10	0	0	0	0	511	522	0	512	39	0	
11	0	0	0	0	512	522	0	508	39	0	
12	0	0	0	0	512	520	0	517	39	0	
13	0	0	0	0	509	514	0	511	39	0	
14	0	0	0	0	513	510	0	515	39	0	
15	0	0	0	0	508	508	0	508	39	0	
0	0	0	0	0	515	505	0	511	39	0	
1	0	0	0	0	511	507	0	506	39	0	
2	0	0	0	0	514	511	0	501	39	0	
3	0	0	0	0	516	514	0	518	39	0	
4	0	0	0	0	510	517	0	514	39	0	
5	0	0	0	0	510	519	0	513	39	0	
6	0	0	0	0	510	520	0	512	39	0	
7	0	0	0	0	508	521	0	507	39	0	
8	0	0	0	0	513	520	0	510	39	0	
9	0	0	0	0	516	543	0	505	39	0	
10	0	0	0	0	519	598	0	510	39	0	
11	0	0	0	0	517	604	0	509	39	0	
12	0	0	0	0	510	472	0	519	39	0	
13	0	0	0	0	523	374	0	509	39	0	
14	0	0	0	0	509	365	0	525	39	0	
15	0	0	0	0	512	472	0	498	39	0	
0	0	0	0	0	514	558	0	540	39	0	
1	0	0	0	0	518	568	0	493	39	0	
2	0	0	0	0	513	564	0	525	39	0	
3	0	0	0	0	524	562	0	493	39	0	
4	0	0	0	0	519	557	0	528	39	0	
5	0	0	0	0	511	554	0	505	39	0	
6	0	0	0	0	519	551	0	538	39	0	
7	0	0	0	0	516	549	0	496	39	0	
8	0	0	0	0	515	549	0	524	39	0	
9	0	0	0	0	512	549	0	487	39	0	
10	0	0	0	0	515	548	0	532	39	0	
11	0	0	0	0	518	549	0	495	39	0	
12	0	0	0	0	514	550	0	527	39	0	
13	0	0	0	0	514	551	0	492	39	0	
14	0	0	0	0	510	551	0	533	39	0	
15	0	0	0	0	511	547	0	491	39	0	
0	0	0	0	0	513	541	0	535	39	0	
1	0	0	0	0	513	533	0	487	39	0	
2	0	0	0	0	518	521	0	524	39	0	
3	0	0	0	0	509	502	0	487	39	0	
4	0	0	0	0	515	479	0	530	39	0	
5	0	0	0	0	509	468	0	491	39	0	
6	0	0	0	0	516	456	0	530	39	0	
7	0	0	0	0	518	453	0	499	39	0	
8	0	0	0	0	508	453	0	525	39	0	
9	0	0	0	0	513	459	0	501	39	0	
10	0	0	0	0	513	458	0	532	39	0	
11	0	0	0	0	515	477	0	492	39	0	
12	0	0	0	0	512	478	0	527	39	0	
13	0	0	0	0	516	497	0	508	39	0	
14	0	0	0	0	515	498	0	526	39	0	
15	0	0	0	0	517	507	0	489	39	0	
0	0	0	0	0	509	519	0	526	39	0	
1	0	0	0	0	519	514	0	496	39	0	
2	0	0	0	0	512	521	0	531	39	0	
3	0	0	0	0	515	517	0	491	39	0	
4	0	0	0	0	510	515	0	527	39	0	
5	0	0	0	0	515	521	0	488	39	0	
6	0	0	0	0	515	514	0	536	39	0	
7	0	0	0	0	512	518	0	494	39	0	
8	0	0	0	0	510	517	0	523	39	0	
9	0	0	0	0	517	518	0	488	39	0	
10	0	0	0	0	517	520	0	521	39	0	
11	0	0	0	0	511	524	0	495	39	0	
12	0	0	0	0	513	529	0	528	39	0	
13	0	0	0	0	516	527	0	491	39	0	
14	0	0	0	0	515	524	0	519	39	0	
15	0	0	0	0	520	527	0	493	39	0	
0	0	0	0	0	516	516	0	534	39	0	
1	0	0	0	0	516	516	0	493	39	0	
2	0	0	0	0	515	517	0	524	39	0	
3	0	0	0	0	515	513	0	493	39	0	
4	0	0	0	0	512	515	0	528	39	0	
5	0	0	0	0	512	516	0	496	39	0	
6	0	0	0	0	515	515	0	527	39	0	
7	0	0	0	0	514	517	0	495	39	0	
8	0	0	0	0	510	517	0	531	39	0	
9	0	0	0	0	514	521	0	494	39	0	
10	0	0	0	0	511	529	0	531	39	0	
11	0	0	0	0	516	560	0	493	39	0	
12	0	0	0	0	517	612	0	532	39	0	
13	0	0	0	0	513	531	0	495	39	0	
14	0	0	0	0	513	415	0	523	39	0	
15	0	0	0	0	519	368	0	496	39	0	
0	0	0	0	0	510	421	0	530	40	0	
1	0	0	0	0	517	529	0	494	39	0	
2	0	0	0	0	514	556	0	528	39	0	
3	0	0	0	0	521	558	0	495	39	0	
4	0	0	0	0	508	554	0	523	39	0	
5	0	0	0	0	510	551	0	503	39	0	
6	0	0	0	0	519	544	0	526	39	0	
7	0	0	0	0	506	539	0	505	39	0	
8	0	0	0	0	515	536	0	525	39	0	
9	0	0	0	0	518	533	0	495	39	0	
10	0	0	0	0	511	528	0	520	39	0	
11	0	0	0	0	513	526	0	498	39	0	
12	0	0	0	0	511	528	0	528	39	0	
13	0	0	0	0	515	532	0	496	39	0	
14	0	0	0	0	513	531	0	528	39	0	
15	0	0	0	0	514	537	0	497	39	0	
0	0	0	0	0	512	536	0	520	39	0	
1	0	0	0	0	519	536	0	488	39	0	
2	0	0	0	0	516	529	0	516	39	0	
3	0	0	0	0	510	521	0	499	39	0	
4	0	0	0	0	511	507	0	530	39	0	
5	0	0	0	0	524	492	0	500	39	0	
6	0	0	0	0	514	474	0	522	39	0	
7	0	0	0	0	517	461	0	491	39	0	
8	0	0	0	0	511	452	0	521	39	0	
9	0	0	0	0	516	450	0	492	39	0	
10	0	0	0	0	512	449	0	527	39	0	
11	0	0	0	0	517	454	0	500	39	0	
12	0	0	0	0	507	456	0	527	39	0	
13	0	0	0	0	510	465	0	497	39	0	
14	0	0	0	0	517	467	0	527	39	0	
15	0	0	0	0	517	474	0	496	39	0	
0	0	0	0	0	513	479	0	524	39	0	
1	0	0	0	0	513	482	0	489	39	0	
2	0	0	0	0	511	487	0	523	39	0	
3	0	0	0	0	515	496	0	493	39	0	
4	0	0	0	0	518	499	0	530	39	0	
5	0	0	0	0	517	503	0	501	39	0	
6	0	0	0	0	512	503	0	531	39	0	
7	0	0	0	0	516	503	0	496	39	0	
8	0	0	0	0	510	503	0	531	39	0	
9	0	0	0	0	516	503	0	488	39	0	
10	0	0	0	0	518	501	0	524	39	0	
11	0	0	0	0	512	504	0	494	39	0	
12	0	0	0	0	512	507	0	533	39	0	
13	0	0	0	0	511	513	0	500	39	0	
14	0	0	0	0	516	507	0	523	39	0	
15	0	0	0	0	518	510	0	497	39	0	
0	0	0	0	0	516	504	0	531	39	0	
1	0	0	0	0	517	496	0	488	39	0	
2	0	0	0	0	521	494	0	526	39	0	
3	0	0	0	0	512	495	0	496	39	0	
4	0	0	0	0	511	491	0	525	39	0	
5	0	0	0	0	511	492	0	501	39	0	
6	0	0	0	0	515	493	0	525	39	0	
7	0	0	0	0	517	495	0	499	39	0	
8	0	0	0	0	513	494	0	513	39	0	
9	0	0	0	0	514	497	0	496	39	0	
10	0	0	0	0	516	497	0	534	39	0	
11	0	0	0	0	523	499	0	492	39	0	
12	0	0	0	0	518	507	0	520	39	0	
13	0	0	0	0	510	543	0	500	39	0	
14	0	0	0	0	513	599	0	528	39	0	
15	0	0	0	0	515	521	0	496	39	0	
0	0	0	0	0	515	408	0	522	39	0	
1	0	0	0	0	514	368	0	496	39	0	
2	0	0	0	0	512	416	0	521	39	0	
3	0	0	0	0	521	521	0	504	39	0	
4	0	0	0	0	517	549	0	526	39	0	
5	0	0	0	0	518	549	0	493	39	0	
6	0	0	0	0	518	547	0	519	39	0	
7	0	0	0	0	514	543	0	499	39	0	
8	0	0	0	0	512	540	0	528	39	0	
9	0	0	0	0	517	541	0	493	39	0	
10	0	0	0	0	515	539	0	517	39	0	
11	0	0	0	0	515	539	0	501	39	0	
12	0	0	0	0	515	538	0	528	39	0	
13	0	0	0	0	517	536	0	503	39	0	
14	0	0	0	0	516	537	0	522	39	0	
15	0	0	0	0	512	539	0	495	39	0	
0	0	0	0	0	516	539	0	537	39	0	
1	0	0	0	0	515	541	0	499	39	0	
2	0	0	0	0	520	540	0	523	39	0	
3	0	0	0	0	512	535	0	488	39	0	
4	0	0	0	0	511	531	0	527	39	0	
5	0	0	0	0	516	521	0	498	39	0	
6	0	0	0	0	518	504	0	518	39	0	
7	0	0	0	0	512	488	0	502	39	0	
8	0	0	0	0	513	473	0	523	39	0	
9	0	0	0	0	515	462	0	506	39	0	
10	0	0	0	0	515	452	0	530	39	0	
11	0	0	0	0	514	452	0	501	39	0	
12	0	0	0	0	515	452	0	525	39	0	
13	0	0	0	0	511	457	0	513	39	0	
14	0	0	0	0	522	462	0	520	39	0	
15	0	0	0	0	507	466	0	494	39	0	
0	0	0	0	0	519	470	0	516	39	0	
1	0	0	0	0	511	473	0	500	39	0	
2	0	0	0	0	514	478	0	534	39	0	
3	0	0	0	0	516	483	0	496	39	0	
4	0	0	0	0	513	487	0	526	39	0	
5	0	0	0	0	511	491	0	491	39	0	
6	0	0	0	0	514	493	0	524	39	0	
7	0	0	0	0	518	497	0	498	39	0	
8	0	0	0	0	515	500	0	527	39	0	
9	0	0	0	0	512	504	0	495	39	0	
10	0	0	0	0	516	504	0	525	39	0	
11	0	0	0	0	517	505	0	491	39	0	
12	0	0	0	0	512	505	0	532	39	0	
13	0	0	0	0	519	509	0	496	39	0	
14	0	0	0	0	512	507	0	527	39	0	
15	0	0	0	0	512	510	0	494	39	0	
0	0	0	0	0	515	510	0	527	39	0	
1	0	0	0	0	515	512	0	499	39	0	
2	0	0	0	0	520	514	0	529	39	0	
3	0	0	0	0	512	518	0	500	39	0	
4	0	0	0	0	516	521	0	518	39	0	
5	0	0	0	0	519	512	0	499	39	0	
6	0	0	0	0	509	506	0	519	39	0	
7	0	0	0	0	515	509	0	490	39	0	
8	0	0	0	0	516	506	0	528	39	0	
9	0	0	0	0	508	508	0	496	39	0	
10	0	0	0	0	517	508	0	525	39	0	
11	0	0	0	0	518	513	0	492	39	0	
12	0	0	0	0	514	512	0	540	39	0	
13	0	0	0	0	520	514	0	503	39	0	
14	0	0	0	0	514	516	0	524	39	0	
15	0	0	0	0	513	517	0	499	39	0	
0	0	0	0	0	512	520	0	526	39	0	
1	0	0	0	0	518	529	0	496	39	0	
2	0	0	0	0	518	549	0	523	39	0	
3	0	0	0	0	515	604	0	504	39	0	
4	0	0	0	0	518	534	0	519	39	0	
5	0	0	0	0	514	423	0	494	39	0	
6	0	0	0	0	510	378	0	525	39	0	
7	0	0	0	0	510	420	0	499	39	0	
8	0	0	0	0	518	522	0	527	39	0	
9	0	0	0	0	516	557	0	494	39	0	
10	0	0	0	0	513	557	0	516	39	0	
11	0	0	0	0	511	559	0	503	39	0	
12	0	0	0	0	511	555	0	524	39	0	
13	0	0	0	0	514	556	0	500	39	0	
14	0	0	0	0	513	550	0	524	39	0	
15	0	0	0	0	515	548	0	495	39	0	
0	0	0	0	0	509	547	0	524	39	0	
1	0	0	0	0	521	548	0	493	39	0	
2	0	0	0	0	512	545	0	526	39	0	
3	0	0	0	0	511	547	0	493	39	0	
4	0	0	0	0	512	547	0	524	39	0	
5	0	0	0	0	515	548	0	498	39	0	
6	0	0	0	0	511	550	0	523	39	0	
7	0	0	0	0	518	550	0	498	39	0	
8	0	0	0	0	520	545	0	521	39	0	
9	0	0	0	0	517	539	0	494	39	0	
10	0	0	0	0	512	525	0	521	39	0	
11	0	0	0	0	518	513	0	504	39	0	
12	0	0	0	0	511	494	0	523	39	0	
13	0	0	0	0	510	478	0	499	39	0	
14	0	0	0	0	507	461	0	529	39	0	
15	0	0	0	0	516	455	0	502	39	0	
0	0	0	0	0	515	452	0	526	39	0	
1	0	0	0	0	508	454	0	497	39	0	
2	0	0	0	0	517	456	0	529	39	0	
3	0	0	0	0	509	461	0	488	39	0	
4	0	0	0	0	515	466	0	527	39	0	
5	0	0	0	0	514	473	0	507	39	0	
6	0	0	0	0	510	479	0	531	39	0	
7	0	0	0	0	513	486	0	496	39	0	
8	0	0	0	0	511	492	0	521	39	0	
9	0	0	0	0	519	496	0	492	39	0	
10	0	0	0	0	518	497	0	516	39	0	
11	0	0	0	0	516	498	0	494	39	0	
12	0	0	0	0	515	500	0	524	39	0	
13	0	0	0	0	512	501	0	505	39	0	
14	0	0	0	0	515	499	0	516	39	0	
15	0	0	0	0	510	499	0	489	39	0	
0	0	0	0	0	517	502	0	524	39	0	
1	0	0	0	0	516	505	0	498	39	0	
2	0	0	0	0	513	505	0	529	39	0	
3	0	0	0	0	515	506	0	498	39	0	
4	0	0	0	0	518	507	0	524	39	0	
5	0	0	0	0	517	507	0	503	39	0	
6	0	0	0	0	516	506	0	522	39	0	
7	0	0	0	0	512	508	0	499	39	0	
8	0	0	0	0	517	510	0	521	39	0	
9	0	0	0	0	512	515	0	505	39	0	
10	0	0	0	0	516	516	0	518	39	0	
11	0	0	0	0	512	517	0	513	39	0	
12	0	0	0	0	515	514	0	527	39	0	
13	0	0	0	0	514	505	0	496	39	0	
14	0	0	0	0	509	499	0	527	39	0	
15	0	0	0	0	518	501	0	502	39	0	
0	0	0	0	0	510	497	0	516	39	0	
1	0	0	0	0	514	499	0	488	39	0	
2	0	0	0	0	515	499	0	520	39	0	
3	0	0	0	0	515	504	0	505	39	0	
4	0	0	0	0	513	503	0	523	39	0	
5	0	0	0	0	509	507	0	498	39	0	
6	0	0	0	0	513	507	0	530	39	0	
7	0	0	0	0	513	510	0	499	39	0	
8	0	0	0	0	515	508	0	523	39	0	
9	0	0	0	0	517	514	0	499	39	0	
10	0	0	0	0	517	539	0	524	39	0	
11	0	0	0	0	512	600	0	505	39	0	
12	0	0	0	0	514	541	0	521	39	0	
13	0	0	0	0	518	440	0	499	39	0	
14	0	0	0	0	512	384	0	523	39	0	
15	0	0	0	0	506	407	0	503	39	0	
0	0	0	0	0	517	503	0	524	39	0	
1	0	0	0	0	524	548	0	494	39	0	
2	0	0	0	0	508	551	0	513	39	0	
3	0	0	0	0	516	549	0	503	39	0	
4	0	0	0	0	511	541	0	519	39	0	
5	0	0	0	0	515	537	0	497	39	0	
6	0	0	0	0	517	532	0	517	39	0	
7	0	0	0	0	515	532	0	498	39	0	
8	0	0	0	0	512	534	0	526	39	0	
9	0	0	0	0	514	536	0	501	39	0	
10	0	0	0	0	511	540	0	521	39	0	
11	0	0	0	0	515	540	0	496	39	0	
12	0	0	0	0	520	536	0	524	39	0	
13	0	0	0	0	513	537	0	499	39	0	
14	0	0	0	0	507	537	0	523	39	0	
15	0	0	0	0	520	538	0	491	39	0	
0	0	0	0	0	518	535	0	531	39	0	
1	0	0	0	0	516	530	0	501	39	0	
2	0	0	0	0	515	520	0	517	39	0	
3	0	0	0	0	519	511	0	502	39	0	
4	0	0	0	0	510	496	0	525	39	0	
5	0	0	0	0	516	482	0	494	39	0	
6	0	0	0	0	510	470	0	520	39	0	
7	0	0	0	0	512	462	0	499	39	0	
8	0	0	0	0	508	458	0	515	39	0	
9	0	0	0	0	515	459	0	499	39	0	
10	0	0	0	0	508	460	0	519	39	0	
11	0	0	0	0	513	465	0	502	39	0	
12	0	0	0	0	520	470	0	528	39	0	
13	0	0	0	0	508	476	0	500	39	0	
14	0	0	0	0	519	481	0	524	39	0	
15	0	0	0	0	516	488	0	505	39	0	
0	0	0	0	0	513	495	0	521	39	0	
1	0	0	0	0	512	501	0	500	39	0	
2	0	0	0	0	521	504	0	516	39	0	
3	0	0	0	0	516	507	0	500	39	0	
4	0	0	0	0	509	509	0	528	39	0	
5	0	0	0	0	513	508	0	497	39	0	
6	0	0	0	0	514	509	0	522	39	0	
7	0	0	0	0	515	510	0	506	39	0	
8	0	0	0	0	515	508	0	533	39	0	
9	0	0	0	0	511	510	0	504	39	0	
10	0	0	0	0	514	508	0	531	39	0	
11	0	0	0	0	512	509	0	497	39	0	
12	0	0	0	0	505	507	0	520	39	0	
13	0	0	0	0	509	509	0	498	39	0	
14	0	0	0	0	513	510	0	527	39	0	
15	0	0	0	0	509	515	0	488	39	0	
0	0	0	0	0	514	519	0	520	39	0	
1	0	0	0	0	517	522	0	502	39	0	
2	0	0	0	0	512	521	0	527	39	0	
3	0	0	0	0	515	522	0	503	39	0	
4	0	0	0	0	515	514	0	527	39	0	
5	0	0	0	0	519	510	0	499	39	0	
6	0	0	0	0	515	510	0	526	39	0	
7	0	0	0	0	519	508	0	507	39	0	
8	0	0	0	0	513	505	0	516	39	0	
9	0	0	0	0	512	506	0	498	39	0	
10	0	0	0	0	510	504	0	523	39	0	
11	0	0	0	0	510	507	0	497	39	0	
12	0	0	0	0	514	508	0	522	39	0	
13	0	0	0	0	509	510	0	497	39	0	
14	0	0	0	0	520	511	0	520	39	0	
15	0	0	0	0	511	514	0	492	39	0	
0	0	0	0	0	514	516	0	524	39	0	
1	0	0	0	0	511	534	0	499	39	0	
2	0	0	0	0	515	591	0	513	39	0	
3	0	0	0	0	514	577	0	501	39	0	
4	0	0	0	0	512	469	0	523	39	0	
5	0	0	0	0	519	392	0	497	39	0	
6	0	0	0	0	520	386	0	522	39	0	
7	0	0	0	0	513	465	0	501	39	0	
8	0	0	0	0	507	534	0	520	39	0	
9	0	0	0	0	511	544	0	505	39	0	
10	0	0	0	0	519	541	0	522	39	0	
11	0	0	0	0	514	539	0	496	39	0	
12	0	0	0	0	515	537	0	520	39	0	
13	0	0	0	0	516	537	0	498	39	0	
14	0	0	0	0	517	536	0	522	39	0	
15	0	0	0	0	505	537	0	506	39	0	
0	0	0	0	0	523	535	0	528	39	0	
1	0	0	0	0	512	537	0	498	39	0	
2	0	0	0	0	511	537	0	527	39	0	
3	0	0	0	0	513	541	0	492	39	0	
4	0	0	0	0	515	545	0	524	39	0	
5	0	0	0	0	512	547	0	502	39	0	
6	0	0	0	0	512	545	0	515	39	0	
7	0	0	0	0	512	545	0	499	39	0	
8	0	0	0	0	516	539	0	512	39	0	
9	0	0	0	0	515	531	0	497	39	0	
10	0	0	0	0	521	518	0	522	39	0	
11	0	0	0	0	511	504	0	503	39	0	
12	0	0	0	0	511	486	0	526	39	0	
13	0	0	0	0	519	472	0	499	39	0	
14	0	0	0	0	513	462	0	516	39	0	
15	0	0	0	0	512	459	0	506	39	0	
0	0	0	0	0	511	457	0	523	39	0	
1	0	0	0	0	518	462	0	500	39	0	
2	0	0	0	0	511	468	0	529	39	0	
3	0	0	0	0	515	476	0	502	39	0	
4	0	0	0	0	511	480	0	519	39	0	
5	0	0	0	0	516	487	0	503	39	0	
6	0	0	0	0	513	491	0	524	39	0	
7	0	0	0	0	515	496	0	499	39	0	
8	0	0	0	0	513	497	0	524	39	0	
9	0	0	0	0	513	501	0	500	39	0	
10	0	0	0	0	510	500	0	524	39	0	
11	0	0	0	0	515	503	0	508	39	0	
12	0	0	0	0	511	504	0	523	39	0	
13	0	0	0	0	514	504	0	499	39	0	
14	0	0	0	0	511	505	0	521	39	0	
15	0	0	0	0	514	506	0	503	39	0	
0	0	0	0	0	511	503	0	522	39	0	
1	0	0	0	0	511	502	0	496	39	0	
2	0	0	0	0	516	503	0	520	39	0	
3	0	0	0	0	516	505	0	503	39	0	
4	0	0	0	0	514	511	0	525	39	0	
5	0	0	0	0	515	514	0	502	39	0	
6	0	0	0	0	509	513	0	521	39	0	
7	0	0	0	0	512	516	0	499	39	0	
8	0	0	0	0	515	512	0	521	39	0	
9	0	0	0	0	510	505	0	503	39	0	
10	0	0	0	0	510	503	0	519	39	0	
11	0	0	0	0	520	504	0	496	39	0	
12	0	0	0	0	508	500	0	512	39	0	
13	0	0	0	0	515	504	0	510	39	0	
14	0	0	0	0	512	504	0	511	39	0	
15	0	0	0	0	512	508	0	499	39	0	
0	0	0	0	0	513	508	0	526	39	0	
1	0	0	0	0	521	509	0	500	39	0	
2	0	0	0	0	515	509	0	526	39	0	
3	0	0	0	0	512	511	0	499	39	0	
4	0	0	0	0	515	511	0	517	39	0	
5	0	0	0	0	512	525	0	503	39	0	
6	0	0	0	0	516	560	0	514	39	0	
7	0	0	0	0	516	616	0	503	39	0	
8	0	0	0	0	515	519	0	521	39	0	
9	0	0	0	0	516	415	0	503	39	0	
10	0	0	0	0	519	376	0	525	39	0	
11	0	0	0	0	508	432	0	493	39	0	
12	0	0	0	0	511	525	0	530	39	0	
13	0	0	0	0	514	552	0	511	39	0	
14	0	0	0	0	515	550	0	526	39	0	
15	0	0	0	0	517	548	0	502	39	0	
0	0	0	0	0	512	544	0	524	39	0	
1	0	0	0	0	515	543	0	498	39	0	
2	0	0	0	0	512	539	0	518	39	0	
3	0	0	0	0	517	540	0	494	39	0	
4	0	0	0	0	518	540	0	519	39	0	
5	0	0	0	0	525	542	0	501	39	0	
6	0	0	0	0	511	541	0	520	39	0	
7	0	0	0	0	512	543	0	499	39	0	
8	0	0	0	0	514	543	0	517	39	0	
9	0	0	0	0	514	547	0	500	39	0	
10	0	0	0	0	515	546	0	519	39	0	
11	0	0	0	0	518	547	0	496	39	0	
12	0	0	0	0	516	543	0	522	39	0	
13	0	0	0	0	519	536	0	505	39	0	
14	0	0	0	0	511	524	0	519	39	0	
15	0	0	0	0	511	511	0	501	39	0	
0	0	0	0	0	508	492	0	518	39	0	
1	0	0	0	0	506	478	0	507	39	0	
2	0	0	0	0	518	465	0	519	39	0	
3	0	0	0	0	512	459	0	497	39	0	
4	0	0	0	0	513	459	0	515	39	0	
5	0	0	0	0	516	464	0	507	39	0	
6	0	0	0	0	508	466	0	520	39	0	
7	0	0	0	0	514	470	0	504	39	0	
8	0	0	0	0	514	472	0	513	39	0	
9	0	0	0	0	518	478	0	509	39	0	
10	0	0	0	0	514	481	0	524	39	0	
11	0	0	0	0	517	485	0	503	39	0	
12	0	0	0	0	510	489	0	526	39	0	
13	0	0	0	0	514	496	0	506	39	0	
14	0	0	0	0	521	497	0	520	39	0	
15	0	0	0	0	514	500	0	500	39	0	
0	0	0	0	0	512	505	0	515	39	0	
1	0	0	0	0	520	510	0	496	39	0	
2	0	0	0	0	510	510	0	518	39	0	
3	0	0	0	0	516	511	0	490	39	0	
4	0	0	0	0	515	511	0	522	39	0	
5	0	0	0	0	515	510	0	497	39	0	
6	0	0	0	0	509	507	0	516	39	0	
7	0	0	0	0	515	509	0	511	39	0	
8	0	0	0	0	509	508	0	517	39	0	
9	0	0	0	0	508	511	0	509	39	0	
10	0	0	0	0	521	511	0	519	39	0	
11	0	0	0	0	516	516	0	504	39	0	
12	0	0	0	0	507	515	0	519	39	0	
13	0	0	0	0	514	516	0	502	39	0	
14	0	0	0	0	511	512	0	536	39	0	
15	0	0	0	0	511	508	0	509	39	0	
0	0	0	0	0	516	506	0	516	39	0	
1	0	0	0	0	514	509	0	500	39	0	
2	0	0	0	0	514	504	0	515	39	0	
3	0	0	0	0	514	505	0	495	39	0	
4	0	0	0	0	512	506	0	518	39	0	
5	0	0	0	0	516	510	0	507	39	0	
6	0	0	0	0	513	510	0	515	39	0	
7	0	0	0	0	519	512	0	507	39	0	
8	0	0	0	0	518	511	0	517	39	0	
9	0	0	0	0	510	513	0	506	39	0	
10	0	0	0	0	514	514	0	518	39	0	
11	0	0	0	0	509	525	0	500	39	0	
12	0	0	0	0	510	553	0	524	39	0	
13	0	0	0	0	512	611	0	496	39	0	
14	0	0	0	0	515	525	0	522	39	0	
15	0	0	0	0	516	411	0	504	39	0	
0	0	0	0	0	516	372	0	519	39	0	
1	0	0	0	0	512	427	0	508	39	0	
2	0	0	0	0	514	524	0	512	39	0	
3	0	0	0	0	511	552	0	512	39	0	
4	0	0	0	0	512	552	0	521	39	0	
5	0	0	0	0	521	548	0	497	39	0	
6	0	0	0	0	512	545	0	527	39	0	
7	0	0	0	0	506	545	0	510	39	0	
8	0	0	0	0	515	541	0	526	39	0	
9	0	0	0	0	512	539	0	508	39	0	
10	0	0	0	0	516	540	0	523	39	0	
11	0	0	0	0	522	540	0	504	39	0	
12	0	0	0	0	514	540	0	516	39	0	
13	0	0	0	0	514	539	0	504	39	0	
14	0	0	0	0	509	542	0	518	39	0	
15	0	0	0	0	510	546	0	504	39	0	
0	0	0	0	0	515	548	0	514	39	0	
1	0	0	0	0	512	548	0	505	39	0	
2	0	0	0	0	511	547	0	515	39	0	
3	0	0	0	0	514	543	0	503	39	0	
4	0	0	0	0	510	534	0	511	39	0	
5	0	0	0	0	514	522	0	510	39	0	
6	0	0	0	0	513	505	0	514	39	0	
7	0	0	0	0	514	487	0	500	39	0	
8	0	0	0	0	514	471	0	521	39	0	
9	0	0	0	0	516	462	0	503	39	0	
10	0	0	0	0	516	457	0	516	39	0	
11	0	0	0	0	511	460	0	499	39	0	
12	0	0	0	0	515	463	0	515	39	0	
13	0	0	0	0	516	469	0	505	39	0	
14	0	0	0	0	511	474	0	521	39	0	
15	0	0	0	0	515	479	0	508	39	0	
0	0	0	0	0	511	483	0	524	39	0	
1	0	0	0	0	515	491	0	505	39	0	
2	0	0	0	0	511	495	0	517	39	0	
3	0	0	0	0	510	499	0	502	39	0	
4	0	0	0	0	513	501	0	512	39	0	
5	0	0	0	0	516	500	0	507	39	0	
6	0	0	0	0	513	504	0	521	39	0	
7	0	0	0	0	508	507	0	507	39	0	
8	0	0	0	0	513	508	0	529	39	0	
9	0	0	0	0	514	510	0	497	39	0	
10	0	0	0	0	512	507	0	509	39	0	
11	0	0	0	0	513	506	0	512	39	0	
12	0	0	0	0	519	507	0	512	39	0	
13	0	0	0	0	515	511	0	494	39	0	
14	0	0	0	0	512	515	0	515	39	0	
15	0	0	0	0	513	515	0	502	39	0	
0	0	0	0	0	516	518	0	522	39	0	
1	0	0	0	0	513	521	0	504	39	0	
2	0	0	0	0	516	523	0	511	39	0	
3	0	0	0	0	509	524	0	497	39	0	
4	0	0	0	0	509	524	0	517	39	0	
5	0	0	0	0	515	528	0	509	39	0	
6	0	0	0	0	515	523	0	520	39	0	
7	0	0	0	0	515	520	0	502	39	0	
8	0	0	0	0	514	519	0	514	39	0	
9	0	0	0	0	516	511	0	501	39	0	
10	0	0	0	0	516	504	0	512	39	0	
11	0	0	0	0	513	506	0	508	39	0	
12	0	0	0	0	517	502	0	524	39	0	
13	0	0	0	0	513	500	0	507	39	0	
14	0	0	0	0	512	500	0	534	39	0	
15	0	0	0	0	512	502	0	502	39	0	
0	0	0	0	0	512	500	0	523	39	0	
1	0	0	0	0	518	502	0	513	39	0	
2	0	0	0	0	515	504	0	532	39	0	
3	0	0	0	0	519	506	0	495	39	0	
4	0	0	0	0	517	504	0	520	39	0	
5	0	0	0	0	511	507	0	505	39	0	
6	0	0	0	0	509	527	0	521	39	0	
7	0	0	0	0	511	585	0	496	39	0	
8	0	0	0	0	512	532	0	523	39	0	
9	0	0	0	0	512	398	0	499	39	0	
10	0	0	0	0	514	332	0	522	39	0	
11	0	0	0	0	518	373	0	501	39	0	
12	0	0	0	0	509	492	0	529	39	0	
13	0	0	0	0	512	543	0	499	39	0	
14	0	0	0	0	518	541	0	524	39	0	
15	0	0	0	0	515	540	0	500	39	0	
0	0	0	0	0	514	532	0	530	39	0	
1	0	0	0	0	523	528	0	505	39	0	
2	0	0	0	0	516	521	0	512	39	0	
3	0	0	0	0	514	520	0	505	39	0	
4	0	0	0	0	510	521	0	525	39	0	
5	0	0	0	0	506	521	0	501	39	0	
6	0	0	0	0	508	522	0	528	39	0	
7	0	0	0	0	508	528	0	495	39	0	
8	0	0	0	0	513	529	0	521	39	0	
9	0	0	0	0	508	531	0	503	39	0	
10	0	0	0	0	517	533	0	526	39	0	
11	0	0	0	0	507	536	0	495	39	0	
12	0	0	0	0	501	534	0	513	39	0	
13	0	0	0	0	511	528	0	507	39	0	
14	0	0	0	0	517	522	0	516	39	0	
15	0	0	0	0	518	510	0	507	39	0	
0	0	0	0	0	509	495	0	507	39	0	
1	0	0	0	0	514	478	0	506	39	0	
2	0	0	0	0	515	460	0	504	39	0	
3	0	0	0	0	517	450	0	515	39	0	
4	0	0	0	0	514	446	0	517	39	0	
5	0	0	0	0	515	448	0	505	39	0	
6	0	0	0	0	512	453	0	520	39	0	
7	0	0	0	0	512	459	0	504	39	0	
8	0	0	0	0	516	465	0	521	39	0	
9	0	0	0	0	515	469	0	527	39	0	
10	0	0	0	0	517	476	0	524	39	0	
11	0	0	0	0	515	480	0	504	39	0	
12	0	0	0	0	508	485	0	513	39	0	
13	0	0	0	0	516	490	0	508	39	0	
14	0	0	0	0	516	496	0	513	39	0	
15	0	0	0	0	515	500	0	503	39	0	
0	0	0	0	0	511	504	0	517	39	0	
1	0	0	0	0	516	505	0	509	39	0	
2	0	0	0	0	518	506	0	515	39	0	
3	0	0	0	0	509	504	0	513	39	0	
4	0	0	0	0	521	504	0	506	39	0	
5	0	0	0	0	508	502	0	511	39	0	
6	0	0	0	0	512	505	0	511	39	0	
7	0	0	0	0	511	506	0	512	39	0	
8	0	0	0	0	518	508	0	505	39	0	
9	0	0	0	0	514	510	0	510	39	0	
10	0	0	0	0	516	511	0	511	39	0	
11	0	0	0	0	514	510	0	505	39	0	
12	0	0	0	0	514	513	0	509	39	0	
13	0	0	0	0	514	512	0	507	39	0	
14	0	0	0	0	519	515	0	507	39	0	
15	0	0	0	0	520	520	0	509	39	0	
0	0	0	0	0	513	526	0	508	39	0	
1	0	0	0	0	515	523	0	511	39	0	
2	0	0	0	0	511	528	0	508	39	0	
3	0	0	0	0	511	519	0	511	39	0	
4	0	0	0	0	510	510	0	513	39	0	
5	0	0	0	0	512	512	0	510	39	0	
6	0	0	0	0	515	512	0	516	39	0	
7	0	0	0	0	507	506	0	507	39	0	
8	0	0	0	0	512	505	0	513	39	0	
9	0	0	0	0	513	508	0	508	39	0	
10	0	0	0	0	507	509	0	512	39	0	
11	0	0	0	0	513	513	0	522	39	0	
12	0	0	0	0	518	515	0	518	39	0	
13	0	0	0	0	516	516	0	515	39	0	
14	0	0	0	0	516	517	0	515	39	0	
15	0	0	0	0	518	516	0	505	39	0	
0	0	0	0	0	511	536	0	507	39	0	
1	0	0	0	0	507	589	0	515	39	0	
2	0	0	0	0	510	608	0	510	39	0	
3	0	0	0	0	517	463	0	514	39	0	
4	0	0	0	0	523	362	0	512	39	0	
5	0	0	0	0	513	366	0	501	39	0	
6	0	0	0	0	515	464	0	513	39	0	
7	0	0	0	0	515	563	0	513	39	0	
8	0	0	0	0	521	574	0	515	39	0	
9	0	0	0	0	514	572	0	506	39	0	
10	0	0	0	0	512	566	0	512	39	0	
11	0	0	0	0	514	561	0	508	39	0	
12	0	0	0	0	511	556	0	512	39	0	
13	0	0	0	0	510	555	0	505	39	0	
14	0	0	0	0	516	556	0	511	39	0	
15	0	0	0	0	515	558	0	506	39	0	
0	0	0	0	0	507	556	0	505	39	0	
1	0	0	0	0	515	555	0	505	39	0	
2	0	0	0	0	511	557	0	510	39	0	
3	0	0	0	0	514	558	0	504	39	0	
4	0	0	0	0	516	560	0	516	39	0	
5	0	0	0	0	510	560	0	508	39	0	
6	0	0	0	0	516	561	0	512	39	0	
7	0	0	0	0	514	553	0	514	39	0	
8	0	0	0	0	509	540	0	517	39	0	
9	0	0	0	0	517	528	0	515	39	0	
10	0	0	0	0	513	510	0	510	39	0	
11	0	0	0	0	517	490	0	504	39	0	
12	0	0	0	0	513	470	0	509	39	0	
13	0	0	0	0	512	455	0	507	39	0	
14	0	0	0	0	517	446	0	512	39	0	
15	0	0	0	0	511	444	0	512	39	0	
0	0	0	0	0	519	447	0	510	39	0	
1	0	0	0	0	508	455	0	511	39	0	
2	0	0	0	0	509	462	0	519	39	0	
3	0	0	0	0	511	470	0	507	39	0	
4	0	0	0	0	515	475	0	513	39	0	
5	0	0	0	0	520	482	0	508	39	0	
6	0	0	0	0	517	487	0	510	39	0	
7	0	0	0	0	508	492	0	512	39	0	
8	0	0	0	0	516	496	0	511	39	0	
9	0	0	0	0	515	501	0	509	39	0	
10	0	0	0	0	516	504	0	510	39	0	
11	0	0	0	0	507	505	0	509	39	0	
12	0	0	0	0	514	507	0	510	39	0	
13	0	0	0	0	510	510	0	508	39	0	
14	0	0	0	0	509	511	0	507	39	0	
15	0	0	0	0	514	512	0	507	39	0	
0	0	0	0	0	511	511	0	512	39	0	
1	0	0	0	0	516	507	0	513	39	0	
2	0	0	0	0	519	500	0	508	39	0	
3	0	0	0	0	511	496	0	503	39	0	
4	0	0	0	0	517	495	0	518	39	0	
5	0	0	0	0	519	493	0	502	39	0	
6	0	0	0	0	514	495	0	515	39	0	
7	0	0	0	0	516	494	0	508	39	0	
8	0	0	0	0	511	494	0	515	39	0	
9	0	0	0	0	519	497	0	520	39	0	
10	0	0	0	0	514	501	0	504	39	0	
11	0	0	0	0	510	506	0	513	39	0	
12	0	0	0	0	510	505	0	515	39	0	
13	0	0	0	0	519	508	0	504	39	0	
14	0	0	0	0	516	505	0	505	39	0	
15	0	0	0	0	510	496	0	508	39	0	
0	0	0	0	0	519	495	0	508	39	0	
1	0	0	0	0	518	497	0	510	39	0	
2	0	0	0	0	509	497	0	509	39	0	
3	0	0	0	0	515	495	0	509	39	0	
4	0	0	0	0	507	496	0	512	39	0	
5	0	0	0	0	514	499	0	514	39	0	
6	0	0	0	0	515	501	0	516	39	0	
7	0	0	0	0	510	501	0	517	39	0	
8	0	0	0	0	512	503	0	504	39	0	
9	0	0	0	0	516	504	0	512	39	0	
10	0	0	0	0	518	504	0	511	39	0	
11	0	0	0	0	512	521	0	510	39	0	
12	0	0	0	0	514	572	0	505	39	0	
13	0	0	0	0	515	597	0	510	39	0	
14	0	0	0	0	514	466	0	509	39	0	
15	0	0	0	0	513	368	0	514	39	0	
0	0	0	0	0	516	367	0	508	39	0	
1	0	0	0	0	509	455	0	508	39	0	
2	0	0	0	0	514	554	0	508	39	0	
3	0	0	0	0	510	566	0	508	39	0	
4	0	0	0	0	512	562	0	504	39	0	
5	0	0	0	0	510	557	0	504	39	0	
6	0	0	0	0	513	555	0	513	39	0	
7	0	0	0	0	514	550	0	511	39	0	
8	0	0	0	0	517	548	0	506	39	0	
9	0	0	0	0	518	548	0	513	39	0	
10	0	0	0	0	519	545	0	518	39	0	
11	0	0	0	0	515	543	0	509	39	0	
12	0	0	0	0	515	545	0	511	39	0	
13	0	0	0	0	517	546	0	515	39	0	
14	0	0	0	0	519	549	0	504	39	0	
15	0	0	0	0	515	550	0	507	39	0	
0	0	0	0	0	519	552	0	508	39	0	
1	0	0	0	0	510	550	0	511	39	0	
2	0	0	0	0	515	547	0	515	39	0	
3	0	0	0	0	517	537	0	519	39	0	
4	0	0	0	0	513	527	0	503	39	0	
5	0	0	0	0	508	511	0	508	39	0	
6	0	0	0	0	515	493	0	526	39	0	
7	0	0	0	0	520	475	0	517	39	0	
8	0	0	0	0	514	460	0	516	39	0	
9	0	0	0	0	513	451	0	518	39	0	
10	0	0	0	0	520	448	0	513	39	0	
11	0	0	0	0	509	452	0	519	39	0	
12	0	0	0	0	511	459	0	511	39	0	
13	0	0	0	0	515	465	0	511	39	0	
14	0	0	0	0	505	472	0	513	39	0	
15	0	0	0	0	512	476	0	516	39	0	
0	0	0	0	0	514	483	0	514	39	0	
1	0	0	0	0	516	488	0	508	39	0	
2	0	0	0	0	512	492	0	504	39	0	
3	0	0	0	0	519	496	0	516	39	0	
4	0	0	0	0	519	499	0	512	39	0	
5	0	0	0	0	515	503	0	507	39	0	
6	0	0	0	0	520	504	0	507	39	0	
7	0	0	0	0	515	506	0	506	39	0	
8	0	0	0	0	511	507	0	512	39	0	
9	0	0	0	0	515	507	0	512	39	0	
10	0	0	0	0	513	505	0	515	39	0	
11	0	0	0	0	516	506	0	513	39	0	
12	0	0	0	0	512	505	0	512	39	0	
13	0	0	0	0	511	506	0	511	39	0	
14	0	0	0	0	517	507	0	511	39	0	
15	0	0	0	0	514	507	0	508	39	0	
0	0	0	0	0	515	509	0	510	39	0	
1	0	0	0	0	514	514	0	523	39	0	
2	0	0	0	0	510	516	0	521	39	0	
3	0	0	0	0	512	518	0	514	39	0	
4	0	0	0	0	509	519	0	511	39	0	
5	0	0	0	0	506	512	0	512	39	0	
6	0	0	0	0	514	506	0	508	39	0	
7	0	0	0	0	514	506	0	501	39	0	
8	0	0	0	0	512	505	0	508	39	0	
9	0	0	0	0	511	504	0	506	39	0	
10	0	0	0	0	512	504	0	508	39	0	
11	0	0	0	0	510	505	0	508	39	0	
12	0	0	0	0	513	506	0	516	39	0	
13	0	0	0	0	511	508	0	509	39	0	
14	0	0	0	0	512	511	0	509	39	0	
15	0	0	0	0	511	512	0	512	39	0	
0	0	0	0	0	513	514	0	509	39	0	
1	0	0	0	0	513	518	0	514	39	0	
2	0	0	0	0	511	542	0	515	39	0	
3	0	0	0	0	514	611	0	506	39	0	
4	0	0	0	0	515	577	0	510	39	0	
5	0	0	0	0	508	443	0	513	39	0	
6	0	0	0	0	508	357	0	502	39	0	
7	0	0	0	0	514	371	0	509	39	0	
8	0	0	0	0	518	465	0	509	39	0	
9	0	0	0	0	509	543	0	516	39	0	
10	0	0	0	0	514	555	0	519	39	0	
11	0	0	0	0	516	553	0	518	39	0	
12	0	0	0	0	511	550	0	509	39	0	
13	0	0	0	0	512	547	0	505	39	0	
14	0	0	0	0	510	543	0	509	39	0	
15	0	0	0	0	509	541	0	512	39	0	
0	0	0	0	0	513	541	0	511	39	0	
1	0	0	0	0	515	540	0	508	39	0	
2	0	0	0	0	508	537	0	510	39	0	
3	0	0	0	0	518	537	0	517	39	0	
4	0	0	0	0	512	540	0	521	39	0	
5	0	0	0	0	513	543	0	511	39	0	
6	0	0	0	0	509	547	0	504	39	0	
7	0	0	0	0	513	547	0	511	39	0	
8	0	0	0	0	510	548	0	511	39	0	
9	0	0	0	0	515	544	0	519	39	0	
10	0	0	0	0	514	534	0	508	39	0	
11	0	0	0	0	511	523	0	507	39	0	
12	0	0	0	0	507	506	0	516	39	0	
13	0	0	0	0	512	487	0	503	39	0	
14	0	0	0	0	515	473	0	513	39	0	
15	0	0	0	0	518	462	0	511	39	0	
0	0	0	0	0	514	456	0	514	39	0	
1	0	0	0	0	510	454	0	513	39	0	
2	0	0	0	0	516	458	0	507	39	0	
3	0	0	0	0	514	465	0	510	39	0	
4	0	0	0	0	513	470	0	512	39	0	
5	0	0	0	0	507	475	0	510	39	0	
6	0	0	0	0	518	479	0	513	39	0	
7	0	0	0	0	516	483	0	515	39	0	
8	0	0	0	0	518	487	0	508	39	0	
9	0	0	0	0	513	491	0	507	39	0	
10	0	0	0	0	514	498	0	519	39	0	
11	0	0	0	0	515	503	0	509	39	0	
12	0	0	0	0	519	505	0	508	39	0	
13	0	0	0	0	519	505	0	505	39	0	
14	0	0	0	0	518	508	0	505	39	0	
15	0	0	0	0	511	507	0	504	39	0	
0	0	0	0	0	508	507	0	510	39	0	
1	0	0	0	0	518	508	0	515	39	0	
2	0	0	0	0	516	508	0	515	39	0	
3	0	0	0	0	512	508	0	515	39	0	
4	0	0	0	0	515	508	0	507	39	0	
5	0	0	0	0	519	510	0	512	39	0	
6	0	0	0	0	516	507	0	512	39	0	
7	0	0	0	0	515	511	0	514	39	0	
8	0	0	0	0	511	516	0	518	39	0	
9	0	0	0	0	509	519	0	518	39	0	
10	0	0	0	0	517	520	0	502	39	0	
11	0	0	0	0	517	522	0	508	39	0	
12	0	0	0	0	511	518	0	510	39	0	
13	0	0	0	0	516	510	0	504	39	0	
14	0	0	0	0	513	511	0	511	39	0	
15	0	0	0	0	516	509	0	511	39	0	
0	0	0	0	0	518	505	0	509	39	0	
1	0	0	0	0	515	502	0	511	39	0	
2	0	0	0	0	518	503	0	509	39	0	
3	0	0	0	0	510	504	0	518	39	0	
4	0	0	0	0	514	505	0	521	39	0	
5	0	0	0	0	504	506	0	511	39	0	
6	0	0	0	0	512	505	0	515	39	0	
7	0	0	0	0	509	507	0	515	39	0	
8	0	0	0	0	509	520	0	509	39	0	
9	0	0	0	0	516	553	0	510	39	0	
10	0	0	0	0	513	609	0	508	39	0	
11	0	0	0	0	514	496	0	514	39	0	
12	0	0	0	0	514	371	0	516	39	0	
13	0	0	0	0	519	339	0	517	39	0	
14	0	0	0	0	515	420	0	507	39	0	
15	0	0	0	0	517	540	0	505	39	0	
0	0	0	0	0	504	562	0	507	39	0	
1	0	0	0	0	511	564	0	513	39	0	
2	0	0	0	0	512	561	0	514	39	0	
3	0	0	0	0	515	558	0	520	39	0	
4	0	0	0	0	520	554	0	511	39	0	
5	0	0	0	0	513	553	0	504	39	0	
6	0	0	0	0	510	551	0	513	39	0	
7	0	0	0	0	516	548	0	514	39	0	
8	0	0	0	0	510	550	0	516	39	0	
9	0	0	0	0	511	547	0	505	39	0	
10	0	0	0	0	518	547	0	513	39	0	
11	0	0	0	0	517	548	0	509	39	0	
12	0	0	0	0	507	551	0	506	39	0	
13	0	0	0	0	513	555	0	510	39	0	
14	0	0	0	0	515	555	0	514	39	0	
15	0	0	0	0	516	553	0	515	39	0	
0	0	0	0	0	513	548	0	508	39	0	
1	0	0	0	0	516	536	0	513	39	0	
2	0	0	0	0	513	522	0	510	39	0	
3	0	0	0	0	515	504	0	505	39	0	
4	0	0	0	0	511	481	0	511	39	0	
5	0	0	0	0	514	466	0	516	39	0	
6	0	0	0	0	511	454	0	506	39	0	
7	0	0	0	0	513	448	0	515	39	0	
8	0	0	0	0	514	451	0	515	39	0	
9	0	0	0	0	513	455	0	519	39	0	
10	0	0	0	0	511	462	0	513	39	0	
11	0	0	0	0	512	468	0	515	39	0	
12	0	0	0	0	513	474	0	516	39	0	
13	0	0	0	0	513	478	0	516	39	0	
14	0	0	0	0	513	482	0	511	39	0	
15	0	0	0	0	512	487	0	504	39	0	
0	0	0	0	0	510	490	0	513	39	0	
1	0	0	0	0	513	495	0	509	39	0	
2	0	0	0	0	519	500	0	502	39	0	
3	0	0	0	0	508	506	0	514	39	0	
4	0	0	0	0	513	508	0	507	39	0	
5	0	0	0	0	521	509	0	517	39	0	
6	0	0	0	0	517	510	0	509	39	0	
7	0	0	0	0	514	510	0	508	39	0	
8	0	0	0	0	512	508	0	510	39	0	
9	0	0	0	0	516	507	0	509	39	0	
10	0	0	0	0	521	505	0	512	39	0	
11	0	0	0	0	511	506	0	501	39	0	
12	0	0	0	0	514	507	0	508	39	0	
13	0	0	0	0	514	512	0	515	39	0	
14	0	0	0	0	512	517	0	516	39	0	
15	0	0	0	0	515	515	0	510	39	0	
0	0	0	0	0	511	519	0	508	39	0	
1	0	0	0	0	515	515	0	511	39	0	
2	0	0	0	0	512	506	0	510	39	0	
3	0	0	0	0	516	505	0	509	39	0	
4	0	0	0	0	516	504	0	505	39	0	
5	0	0	0	0	508	500	0	510	39	0	
6	0	0	0	0	514	498	0	513	39	0	
7	0	0	0	0	515	499	0	516	39	0	
8	0	0	0	0	513	503	0	509	39	0	
9	0	0	0	0	514	503	0	512	39	0	
10	0	0	0	0	511	505	0	516	39	0	
11	0	0	0	0	510	505	0	524	39	0	
12	0	0	0	0	506	508	0	509	39	0	
13	0	0	0	0	518	511	0	508	39	0	
14	0	0	0	0	520	534	0	519	39	0	
15	0	0	0	0	516	590	0	515	39	0	
0	0	0	0	0	517	562	0	515	39	0	
1	0	0	0	0	517	423	0	517	39	0	
2	0	0	0	0	513	347	0	509	39	0	
3	0	0	0	0	508	375	0	507	39	0	
4	0	0	0	0	516	491	0	497	39	0	
5	0	0	0	0	514	562	0	508	39	0	
6	0	0	0	0	506	565	0	513	39	0	
7	0	0	0	0	515	560	0	517	39	0	
8	0	0	0	0	514	558	0	503	39	0	
9	0	0	0	0	514	553	0	511	39	0	
10	0	0	0	0	510	550	0	510	39	0	
11	0	0	0	0	510	547	0	523	39	0	
12	0	0	0	0	511	548	0	506	39	0	
13	0	0	0	0	513	545	0	505	39	0	
14	0	0	0	0	509	545	0	510	39	0	
15	0	0	0	0	515	545	0	510	39	0	
0	0	0	0	0	514	548	0	519	39	0	
1	0	0	0	0	512	551	0	515	39	0	
2	0	0	0	0	515	555	0	509	39	0	
3	0	0	0	0	514	556	0	512	39	0	
4	0	0	0	0	517	556	0	510	39	0	
5	0	0	0	0	508	550	0	529	39	0	
6	0	0	0	0	517	539	0	508	39	0	
7	0	0	0	0	517	523	0	511	39	0	
8	0	0	0	0	509	506	0	502	39	0	
9	0	0	0	0	516	484	0	510	39	0	
10	0	0	0	0	515	466	0	509	39	0	
11	0	0	0	0	520	454	0	512	39	0	
12	0	0	0	0	515	446	0	512	39	0	
13	0	0	0	0	516	447	0	518	39	0	
14	0	0	0	0	509	451	0	509	39	0	
15	0	0	0	0	514	454	0	516	39	0	
0	0	0	0	0	516	460	0	509	39	0	
1	0	0	0	0	515	467	0	511	39	0	
2	0	0	0	0	516	475	0	503	39	0	
3	0	0	0	0	511	480	0	515	39	0	
4	0	0	0	0	507	487	0	513	39	0	
5	0	0	0	0	512	490	0	511	39	0	
6	0	0	0	0	516	493	0	512	39	0	
7	0	0	0	0	519	496	0	513	39	0	
8	0	0	0	0	509	497	0	504	39	0	
9	0	0	0	0	512	499	0	506	39	0	
10	0	0	0	0	521	503	0	512	39	0	
11	0	0	0	0	512	504	0	509	39	0	
12	0	0	0	0	511	506	0	502	39	0	
13	0	0	0	0	514	505	0	515	39	0	
14	0	0	0	0	517	504	0	512	39	0	
15	0	0	0	0	518	502	0	511	39	0	
0	0	0	0	0	510	504	0	506	39	0	
1	0	0	0	0	517	505	0	504	39	0	
2	0	0	0	0	516	507	0	505	39	0	
3	0	0	0	0	513	509	0	512	39	0	
4	0	0	0	0	512	513	0	508	39	0	
5	0	0	0	0	516	517	0	509	39	0	
6	0	0	0	0	512	516	0	505	39	0	
7	0	0	0	0	514	522	0	504	39	0	
8	0	0	0	0	507	517	0	517	39	0	
9	0	0	0	0	506	509	0	514	39	0	
10	0	0	0	0	512	508	0	512	39	0	
11	0	0	0	0	509	505	0	521	39	0	
12	0	0	0	0	511	500	0	519	39	0	
13	0	0	0	0	509	502	0	512	39	0	
14	0	0	0	0	511	505	0	513	39	0	
15	0	0	0	0	515	507	0	512	39	0	
0	0	0	0	0	507	506	0	516	39	0	
1	0	0	0	0	514	508	0	514	39	0	
2	0	0	0	0	519	509	0	504	39	0	
3	0	0	0	0	515	509	0	515	39	0	
4	0	0	0	0	519	513	0	513	39	0	
5	0	0	0	0	518	540	0	508	39	0	
6	0	0	0	0	515	599	0	506	39	0	
7	0	0	0	0	506	541	0	507	39	0	
8	0	0	0	0	514	408	0	510	39	0	
9	0	0	0	0	516	347	0	516	39	0	
10	0	0	0	0	516	386	0	507	39	0	
11	0	0	0	0	516	509	0	506	39	0	
12	0	0	0	0	516	563	0	510	39	0	
13	0	0	0	0	515	562	0	516	39	0	
14	0	0	0	0	516	560	0	516	39	0	
15	0	0	0	0	519	555	0	507	39	0	
0	0	0	0	0	516	551	0	510	39	0	
1	0	0	0	0	517	547	0	515	39	0	
2	0	0	0	0	512	545	0	509	39	0	
3	0	0	0	0	514	544	0	512	39	0	
4	0	0	0	0	513	544	0	513	39	0	
5	0	0	0	0	511	545	0	498	39	0	
6	0	0	0	0	513	546	0	507	39	0	
7	0	0	0	0	517	548	0	510	39	0	
8	0	0	0	0	512	553	0	504	39	0	
9	0	0	0	0	505	552	0	513	39	0	
10	0	0	0	0	515	553	0	512	39	0	
11	0	0	0	0	511	549	0	505	39	0	
12	0	0	0	0	518	542	0	507	39	0	
13	0	0	0	0	518	531	0	508	39	0	
14	0	0	0	0	514	518	0	514	39	0	
15	0	0	0	0	513	501	0	510	39	0	
0	0	0	0	0	518	483	0	509	39	0	
1	0	0	0	0	515	464	0	511	39	0	
2	0	0	0	0	507	454	0	509	39	0	
3	0	0	0	0	508	448	0	515	39	0	
4	0	0	0	0	509	449	0	508	39	0	
5	0	0	0	0	514	454	0	508	39	0	
6	0	0	0	0	518	458	0	508	39	0	
7	0	0	0	0	516	464	0	512	39	0	
8	0	0	0	0	510	471	0	508	39	0	
9	0	0	0	0	513	473	0	519	39	0	
10	0	0	0	0	516	481	0	503	39	0	
11	0	0	0	0	511	486	0	513	39	0	
12	0	0	0	0	516	492	0	505	39	0	
13	0	0	0	0	518	495	0	507	39	0	
14	0	0	0	0	515	499	0	515	39	0	
15	0	0	0	0	510	500	0	512	39	0	
0	0	0	0	0	516	504	0	510	39	0	
1	0	0	0	0	517	504	0	510	39	0	
2	0	0	0	0	517	507	0	511	39	0	
3	0	0	0	0	512	509	0	511	39	0	
4	0	0	0	0	511	509	0	504	39	0	
5	0	0	0	0	518	509	0	513	39	0	
6	0	0	0	0	521	508	0	498	39	0	
7	0	0	0	0	510	511	0	504	39	0	
8	0	0	0	0	509	511	0	512	39	0	
9	0	0	0	0	512	514	0	505	39	0	
10	0	0	0	0	519	517	0	509	39	0	
11	0	0	0	0	515	520	0	511	39	0	
12	0	0	0	0	514	520	0	512	39	0	
13	0	0	0	0	511	525	0	509	39	0	
14	0	0	0	0	511	516	0	510	39	0	
15	0	0	0	0	515	512	0	517	39	0	
0	0	0	0	0	507	515	0	507	39	0	
1	0	0	0	0	508	513	0	521	39	0	
2	0	0	0	0	515	512	0	505	39	0	
3	0	0	0	0	509	511	0	518	39	0	
4	0	0	0	0	512	512	0	508	39	0	
5	0	0	0	0	515	512	0	512	39	0	
6	0	0	0	0	512	514	0	510	39	0	
7	0	0	0	0	518	517	0	517	39	0	
8	0	0	0	0	514	516	0	510	39	0	
9	0	0	0	0	509	516	0	507	39	0	
10	0	0	0	0	514	527	0	505	39	0	
11	0	0	0	0	508	561	0	511	39	0	
12	0	0	0	0	519	616	0	513	39	0	
13	0	0	0	0	518	504	0	515	39	0	
14	0	0	0	0	505	391	0	509	39	0	
15	0	0	0	0	516	355	0	521	39	0	
0	0	0	0	0	512	419	0	517	39	0	
1	0	0	0	0	510	538	0	518	39	0	
2	0	0	0	0	510	568	0	502	39	0	
3	0	0	0	0	506	566	0	506	39	0	
4	0	0	0	0	517	562	0	510	39	0	
5	0	0	0	0	515	556	0	515	39	0	
6	0	0	0	0	510	554	0	511	39	0	
7	0	0	0	0	511	548	0	518	39	0	
8	0	0	0	0	512	547	0	516	39	0	
9	0	0	0	0	509	543	0	511	39	0	
10	0	0	0	0	519	542	0	510	39	0	
11	0	0	0	0	515	541	0	509	39	0	
12	0	0	0	0	514	544	0	514	39	0	
13	0	0	0	0	520	545	0	519	39	0	
14	0	0	0	0	515	547	0	512	39	0	
15	0	0	0	0	514	546	0	514	39	0	
0	0	0	0	0	509	547	0	510	39	0	
1	0	0	0	0	511	542	0	502	39	0	
2	0	0	0	0	513	535	0	507	39	0	
3	0	0	0	0	514	523	0	503	39	0	
4	0	0	0	0	515	508	0	517	39	0	
5	0	0	0	0	513	489	0	515	39	0	
6	0	0	0	0	521	471	0	506	39	0	
7	0	0	0	0	512	451	0	508	39	0	
8	0	0	0	0	512	439	0	508	39	0	
9	0	0	0	0	514	435	0	515	39	0	
10	0	0	0	0	508	439	0	500	39	0	
11	0	0	0	0	518	441	0	508	39	0	
12	0	0	0	0	517	448	0	514	39	0	
13	0	0	0	0	515	454	0	515	39	0	
14	0	0	0	0	510	459	0	510	39	0	
15	0	0	0	0	510	464	0	516	39	0	
0	0	0	0	0	521	471	0	511	39	0	
1	0	0	0	0	516	479	0	505	39	0	
2	0	0	0	0	511	483	0	510	39	0	
3	0	0	0	0	510	486	0	510	39	0	
4	0	0	0	0	511	490	0	502	39	0	
5	0	0	0	0	517	493	0	499	39	0	
6	0	0	0	0	509	496	0	506	39	0	
7	0	0	0	0	515	499	0	507	39	0	
8	0	0	0	0	513	500	0	508	39	0	
9	0	0	0	0	512	499	0	510	39	0	
10	0	0	0	0	514	500	0	519	39	0	
11	0	0	0	0	518	499	0	512	39	0	
12	0	0	0	0	511	502	0	507	39	0	
13	0	0	0	0	515	503	0	507	39	0	
14	0	0	0	0	507	504	0	505	39	0	
15	0	0	0	0	511	508	0	521	39	0	
0	0	0	0	0	510	511	0	499	39	0	
1	0	0	0	0	510	509	0	510	39	0	
2	0	0	0	0	519	515	0	523	39	0	
3	0	0	0	0	511	509	0	519	39	0	
4	0	0	0	0	515	503	0	518	39	0	
5	0	0	0	0	522	504	0	511	39	0	
6	0	0	0	0	516	503	0	512	39	0	
7	0	0	0	0	512	504	0	515	39	0	
8	0	0	0	0	511	505	0	510	39	0	
9	0	0	0	0	513	505	0	508	39	0	
10	0	0	0	0	517	507	0	505	39	0	
11	0	0	0	0	512	508	0	516	39	0	
12	0	0	0	0	513	510	0	509	39	0	
13	0	0	0	0	514	511	0	511	39	0	
14	0	0	0	0	515	512	0	519	39	0	
15	0	0	0	0	509	521	0	511	39	0	
0	0	0	0	0	515	551	0	502	39	0	
1	0	0	0	0	516	620	0	521	39	0	
2	0	0	0	0	510	548	0	511	39	0	
3	0	0	0	0	516	428	0	506	39	0	
4	0	0	0	0	506	367	0	506	39	0	
5	0	0	0	0	511	394	0	514	39	0	
6	0	0	0	0	522	501	0	514	39	0	
7	0	0	0	0	511	560	0	508	39	0	
8	0	0	0	0	512	564	0	511	39	0	
9	0	0	0	0	510	561	0	518	39	0	
10	0	0	0	0	518	560	0	511	39	0	
11	0	0	0	0	511	554	0	516	39	0	
12	0	0	0	0	515	553	0	515	39	0	
13	0	0	0	0	520	552	0	512	39	0	
14	0	0	0	0	517	547	0	505	39	0	
15	0	0	0	0	511	547	0	519	39	0	
0	0	0	0	0	515	548	0	506	39	0	
1	0	0	0	0	512	547	0	504	39	0	
2	0	0	0	0	511	547	0	507	39	0	
3	0	0	0	0	507	549	0	511	39	0	
4	0	0	0	0	512	551	0	502	39	0	
5	0	0	0	0	514	550	0	512	39	0	
6	0	0	0	0	515	545	0	508	39	0	
7	0	0	0	0	510	540	0	519	39	0	
8	0	0	0	0	515	529	0	505	39	0	
9	0	0	0	0	516	515	0	513	39	0	
10	0	0	0	0	517	497	0	510	39	0	
11	0	0	0	0	514	478	0	513	39	0	
12	0	0	0	0	516	462	0	512	39	0	
13	0	0	0	0	514	452	0	507	39	0	
14	0	0	0	0	513	449	0	511	39	0	
15	0	0	0	0	515	450	0	508	39	0	
0	0	0	0	0	509	454	0	508	39	0	
1	0	0	0	0	517	456	0	516	39	0	
2	0	0	0	0	512	463	0	500	39	0	
3	0	0	0	0	512	468	0	513	39	0	
4	0	0	0	0	508	476	0	517	39	0	
5	0	0	0	0	513	482	0	508	39	0	
6	0	0	0	0	515	487	0	508	39	0	
7	0	0	0	0	517	492	0	520	39	0	
8	0	0	0	0	511	497	0	513	39	0	
9	0	0	0	0	516	500	0	502	39	0	
10	0	0	0	0	516	502	0	514	39	0	
11	0	0	0	0	514	504	0	506	39	0	
12	0	0	0	0	515	505	0	508	39	0	
13	0	0	0	0	513	506	0	508	39	0	
14	0	0	0	0	510	506	0	508	39	0	
15	0	0	0	0	519	508	0	508	39	0	
0	0	0	0	0	514	507	0	505	39	0	
1	0	0	0	0	513	510	0	512	39	0	
2	0	0	0	0	514	515	0	512	39	0	
3	0	0	0	0	512	516	0	510	39	0	
4	0	0	0	0	510	518	0	513	39	0	
5	0	0	0	0	514	516	0	508	39	0	
6	0	0	0	0	510	509	0	511	39	0	
7	0	0	0	0	516	507	0	514	39	0	
8	0	0	0	0	512	507	0	510	39	0	
9	0	0	0	0	515	505	0	512	39	0	
10	0	0	0	0	517	505	0	515	39	0	
11	0	0	0	0	514	505	0	515	39	0	
12	0	0	0	0	517	505	0	512	39	0	
13	0	0	0	0	509	506	0	519	39	0	
14	0	0	0	0	517	505	0	513	39	0	
15	0	0	0	0	511	505	0	511	39	0	
0	0	0	0	0	512	508	0	507	39	0	
1	0	0	0	0	514	510	0	507	39	0	
2	0	0	0	0	524	529	0	511	39	0	
3	0	0	0	0	510	578	0	518	39	0	
4	0	0	0	0	511	621	0	503	39	0	
5	0	0	0	0	512	499	0	504	39	0	
6	0	0	0	0	513	391	0	507	39	0	
7	0	0	0	0	515	358	0	513	39	0	
8	0	0	0	0	514	433	0	508	39	0	
9	0	0	0	0	514	534	0	507	39	0	
10	0	0	0	0	513	557	0	510	39	0	
11	0	0	0	0	511	558	0	510	39	0	
12	0	0	0	0	511	554	0	512	39	0	
13	0	0	0	0	520	549	0	510	39	0	
14	0	0	0	0	514	547	0	514	39	0	
15	0	0	0	0	513	546	0	510	39	0	
0	0	0	0	0	512	543	0	499	39	0	
1	0	0	0	0	516	543	0	516	39	0	
2	0	0	0	0	519	545	0	518	39	0	
3	0	0	0	0	519	544	0	505	39	0	
4	0	0	0	0	509	546	0	505	39	0	
5	0	0	0	0	511	546	0	506	39	0	
6	0	0	0	0	515	548	0	506	39	0	
7	0	0	0	0	518	550	0	515	39	0	
8	0	0	0	0	510	546	0	506	39	0	
