# OpenSignals Text File Format. Version 1
# {"84:BA:20:5E:FF:67": {"position": 0, "device": "bitalino_rev", "device name": "84:BA:20:5E:FF:67", "device connection": "BTH84:BA:20:5E:FF:67", "sampling rate": 100, "resolution": [4, 1, 1, 1, 1, 10, 10, 10, 10, 6, 6], "firmware version": 1282, "comments": "", "keywords": "", "mode": 0, "sync interval": 2, "date": "2024-3-2", "time": "19:54:25.796", "channels": [1, 2, 3, 4, 5, 6], "sensor": ["EMGBITREV", "ECGBIT", "EDABITREV", "EEGBITREV", "ACCBITREV", "LUX"], "label": ["A1", "A2", "A3", "A4", "A5", "A6"], "column": ["nSeq", "I1", "I2", "O1", "O2", "A1", "A2", "A3", "A4", "A5", "A6"], "special": [{}, {}, {}, {}, {}, {}], "digital IO": [0, 0, 1, 1]}}
# EndOfHeader
0	0	0	0	0	503	508	341	505	39	0	
1	0	0	0	0	510	510	341	511	39	0	
2	0	0	0	0	509	510	341	506	39	0	
3	0	0	0	0	512	507	342	512	39	0	
4	0	0	0	0	510	507	342	519	39	0	
5	0	0	0	0	519	509	342	508	39	0	
6	0	0	0	0	508	506	342	495	39	0	
7	0	0	0	0	514	507	342	497	39	0	
8	0	0	0	0	509	508	342	508	39	0	
9	0	0	0	0	518	510	342	509	39	0	
10	0	0	0	0	511	506	342	498	39	0	
11	0	0	0	0	510	510	342	507	39	0	
12	0	0	0	0	513	508	342	503	39	0	
13	0	0	0	0	518	510	342	514	39	0	
14	0	0	0	0	512	510	342	500	39	0	
15	0	0	0	0	516	509	342	508	39	0	
0	0	0	0	0	502	508	343	512	39	0	
1	0	0	0	0	512	510	343	503	39	0	
2	0	0	0	0	512	506	343	499	39	0	
3	0	0	0	0	520	509	343	505	39	0	
4	0	0	0	0	514	510	343	512	39	0	
5	0	0	0	0	520	508	343	508	39	0	
6	0	0	0	0	509	504	343	504	39	0	
7	0	0	0	0	521	508	343	508	39	0	
8	0	0	0	0	514	509	343	509	39	0	
9	0	0	0	0	522	511	343	515	39	0	
10	0	0	0	0	513	508	343	508	39	0	
11	0	0	0	0	511	509	343	509	39	0	
12	0	0	0	0	509	507	343	508	39	0	
13	0	0	0	0	515	508	343	508	39	0	
14	0	0	0	0	511	507	343	505	39	0	
15	0	0	0	0	519	509	344	513	39	0	
0	0	0	0	0	509	508	344	505	39	0	
1	0	0	0	0	509	508	344	508	39	0	
2	0	0	0	0	510	508	344	504	39	0	
3	0	0	0	0	516	511	344	510	39	0	
4	0	0	0	0	511	505	344	503	39	0	
5	0	0	0	0	509	508	344	512	39	0	
6	0	0	0	0	506	510	344	497	39	0	
7	0	0	0	0	516	508	344	516	39	0	
8	0	0	0	0	507	506	344	505	39	0	
9	0	0	0	0	521	512	344	509	39	0	
10	0	0	0	0	509	510	344	509	39	0	
11	0	0	0	0	516	510	344	508	39	0	
12	0	0	0	0	511	509	344	504	39	0	
13	0	0	0	0	519	512	344	512	39	0	
14	0	0	0	0	515	511	344	510	39	0	
15	0	0	0	0	519	510	344	515	39	0	
0	0	0	0	0	508	507	344	504	39	0	
1	0	0	0	0	520	510	345	509	39	0	
2	0	0	0	0	513	507	345	509	39	0	
3	0	0	0	0	518	510	345	518	39	0	
4	0	0	0	0	508	507	345	508	39	0	
5	0	0	0	0	514	511	345	514	39	0	
6	0	0	0	0	513	508	345	504	39	0	
7	0	0	0	0	510	508	345	518	39	0	
8	0	0	0	0	509	508	345	512	39	0	
9	0	0	0	0	513	507	345	513	39	0	
10	0	0	0	0	515	509	345	502	39	0	
11	0	0	0	0	516	511	345	511	39	0	
12	0	0	0	0	516	507	345	511	39	0	
13	0	0	0	0	519	507	345	511	39	0	
14	0	0	0	0	517	509	345	513	39	0	
15	0	0	0	0	521	508	345	507	39	0	
0	0	0	0	0	512	507	345	503	39	0	
1	0	0	0	0	520	512	345	521	39	0	
2	0	0	0	0	509	509	345	515	39	0	
3	0	0	0	0	519	506	346	508	39	0	
4	0	0	0	0	505	509	346	502	39	0	
5	0	0	0	0	518	508	346	507	39	0	
6	0	0	0	0	506	505	345	501	39	0	
7	0	0	0	0	509	508	346	515	39	0	
8	0	0	0	0	509	504	346	506	39	0	
9	0	0	0	0	509	511	346	510	39	0	
10	0	0	0	0	516	508	346	511	39	0	
11	0	0	0	0	515	509	346	508	39	0	
12	0	0	0	0	512	508	346	504	39	0	
13	0	0	0	0	519	509	346	504	39	0	
14	0	0	0	0	505	509	346	514	39	0	
15	0	0	0	0	514	508	346	512	39	0	
0	0	0	0	0	512	508	346	503	39	0	
1	0	0	0	0	519	507	346	511	39	0	
2	0	0	0	0	511	509	346	502	39	0	
3	0	0	0	0	518	511	346	513	39	0	
4	0	0	0	0	510	506	346	503	39	0	
5	0	0	0	0	515	508	346	503	39	0	
6	0	0	0	0	510	506	346	504	39	0	
7	0	0	0	0	519	507	346	511	39	0	
8	0	0	0	0	510	508	346	505	39	0	
9	0	0	0	0	519	509	346	512	39	0	
10	0	0	0	0	511	506	346	499	39	0	
11	0	0	0	0	517	510	346	511	39	0	
12	0	0	0	0	511	508	346	514	39	0	
13	0	0	0	0	513	509	346	508	39	0	
14	0	0	0	0	514	509	347	506	39	0	
15	0	0	0	0	512	510	347	496	39	0	
0	0	0	0	0	513	509	347	500	39	0	
1	0	0	0	0	516	509	347	510	39	0	
2	0	0	0	0	510	507	347	501	39	0	
3	0	0	0	0	519	510	347	507	39	0	
4	0	0	0	0	507	507	347	500	39	0	
5	0	0	0	0	514	510	347	507	39	0	
6	0	0	0	0	508	509	347	503	39	0	
7	0	0	0	0	516	509	347	508	39	0	
8	0	0	0	0	518	508	347	502	39	0	
9	0	0	0	0	512	509	347	515	39	0	
10	0	0	0	0	510	510	347	505	39	0	
11	0	0	0	0	515	509	347	514	39	0	
12	0	0	0	0	512	512	347	506	39	0	
13	0	0	0	0	515	510	347	508	39	0	
14	0	0	0	0	512	510	347	501	39	0	
15	0	0	0	0	515	509	347	505	39	0	
0	0	0	0	0	509	508	347	503	39	0	
1	0	0	0	0	515	509	347	512	39	0	
2	0	0	0	0	512	510	347	501	39	0	
3	0	0	0	0	514	510	347	509	39	0	
4	0	0	0	0	513	510	347	499	39	0	
5	0	0	0	0	510	512	347	512	39	0	
6	0	0	0	0	505	507	347	500	39	0	
7	0	0	0	0	518	508	347	515	39	0	
8	0	0	0	0	506	506	347	509	39	0	
9	0	0	0	0	524	510	347	512	39	0	
10	0	0	0	0	516	508	347	504	39	0	
11	0	0	0	0	507	507	347	510	39	0	
12	0	0	0	0	515	504	347	504	39	0	
13	0	0	0	0	513	508	347	510	39	0	
14	0	0	0	0	509	508	347	504	39	0	
15	0	0	0	0	520	510	347	511	39	0	
0	0	0	0	0	514	505	347	508	39	0	
1	0	0	0	0	514	510	347	515	39	0	
2	0	0	0	0	513	507	347	505	39	0	
3	0	0	0	0	512	512	347	506	39	0	
4	0	0	0	0	512	506	347	506	39	0	
5	0	0	0	0	514	508	347	521	39	0	
6	0	0	0	0	512	507	347	501	39	0	
7	0	0	0	0	516	510	347	507	39	0	
8	0	0	0	0	505	506	347	506	39	0	
9	0	0	0	0	513	507	347	514	39	0	
10	0	0	0	0	513	509	347	500	39	0	
11	0	0	0	0	514	510	347	516	39	0	
12	0	0	0	0	504	508	347	500	39	0	
13	0	0	0	0	522	508	347	511	39	0	
14	0	0	0	0	519	508	347	511	39	0	
15	0	0	0	0	517	510	347	516	39	0	
0	0	0	0	0	511	510	347	498	39	0	
1	0	0	0	0	510	508	347	512	39	0	
2	0	0	0	0	511	507	347	493	39	0	
3	0	0	0	0	512	509	347	504	39	0	
4	0	0	0	0	518	509	347	499	39	0	
5	0	0	0	0	521	509	347	522	39	0	
6	0	0	0	0	513	509	347	499	39	0	
7	0	0	0	0	514	506	347	521	39	0	
8	0	0	0	0	512	507	347	506	39	0	
9	0	0	0	0	517	511	347	510	39	0	
10	0	0	0	0	513	507	347	501	39	0	
11	0	0	0	0	514	508	347	513	39	0	
12	0	0	0	0	511	509	347	496	39	0	
13	0	0	0	0	515	509	347	513	39	0	
14	0	0	0	0	502	506	347	506	39	0	
15	0	0	0	0	511	510	347	517	39	0	
0	0	0	0	0	506	511	348	503	39	0	
1	0	0	0	0	514	512	347	524	39	0	
2	0	0	0	0	520	507	347	504	39	0	
3	0	0	0	0	520	509	347	517	39	0	
4	0	0	0	0	511	505	347	506	39	0	
5	0	0	0	0	518	508	347	509	39	0	
6	0	0	0	0	511	507	347	500	39	0	
7	0	0	0	0	522	509	347	508	39	0	
8	0	0	0	0	516	509	348	503	39	0	
9	0	0	0	0	517	507	347	519	39	0	
10	0	0	0	0	515	507	347	501	39	0	
11	0	0	0	0	516	511	348	526	39	0	
12	0	0	0	0	515	508	348	508	39	0	
13	0	0	0	0	510	512	347	520	39	0	
14	0	0	0	0	507	511	347	504	39	0	
15	0	0	0	0	513	507	347	521	39	0	
0	0	0	0	0	513	510	348	499	39	0	
1	0	0	0	0	517	505	347	514	39	0	
2	0	0	0	0	510	508	347	499	39	0	
3	0	0	0	0	513	511	347	512	39	0	
4	0	0	0	0	518	506	348	496	39	0	
5	0	0	0	0	518	508	347	519	39	0	
6	0	0	0	0	512	505	347	505	39	0	
7	0	0	0	0	520	506	348	513	39	0	
8	0	0	0	0	510	509	348	498	39	0	
9	0	0	0	0	519	511	348	511	39	0	
10	0	0	0	0	510	506	348	500	39	0	
11	0	0	0	0	511	512	348	522	39	0	
12	0	0	0	0	515	509	348	502	39	0	
13	0	0	0	0	523	511	348	518	39	0	
14	0	0	0	0	518	510	348	505	39	0	
15	0	0	0	0	522	511	348	521	39	0	
0	0	0	0	0	509	508	348	497	39	0	
1	0	0	0	0	518	510	348	516	39	0	
2	0	0	0	0	517	508	348	496	39	0	
3	0	0	0	0	519	513	348	524	39	0	
4	0	0	0	0	515	507	348	511	39	0	
5	0	0	0	0	522	511	348	512	39	0	
6	0	0	0	0	511	512	348	502	39	0	
7	0	0	0	0	511	510	348	518	39	0	
8	0	0	0	0	510	506	348	492	39	0	
9	0	0	0	0	515	508	348	518	39	0	
10	0	0	0	0	511	505	348	502	39	0	
11	0	0	0	0	512	509	348	514	39	0	
12	0	0	0	0	509	508	348	491	39	0	
13	0	0	0	0	519	508	348	524	39	0	
14	0	0	0	0	516	507	348	495	39	0	
15	0	0	0	0	512	508	348	520	39	0	
0	0	0	0	0	513	506	348	496	39	0	
1	0	0	0	0	516	511	348	519	39	0	
2	0	0	0	0	506	505	348	498	39	0	
3	0	0	0	0	516	511	348	514	39	0	
4	0	0	0	0	508	508	348	499	39	0	
5	0	0	0	0	515	508	348	527	39	0	
6	0	0	0	0	518	511	348	499	39	0	
7	0	0	0	0	511	508	348	519	39	0	
8	0	0	0	0	510	508	348	500	39	0	
9	0	0	0	0	515	512	348	529	39	0	
10	0	0	0	0	517	507	348	498	39	0	
11	0	0	0	0	509	511	348	528	39	0	
12	0	0	0	0	510	507	348	503	39	0	
13	0	0	0	0	521	509	348	519	39	0	
14	0	0	0	0	511	506	348	496	39	0	
15	0	0	0	0	516	508	348	526	39	0	
0	0	0	0	0	512	508	348	499	39	0	
1	0	0	0	0	514	512	348	519	39	0	
2	0	0	0	0	519	510	348	500	39	0	
3	0	0	0	0	516	507	348	522	39	0	
4	0	0	0	0	513	507	348	498	39	0	
5	0	0	0	0	509	510	348	519	39	0	
6	0	0	0	0	505	508	348	499	39	0	
7	0	0	0	0	514	507	348	518	39	0	
8	0	0	0	0	512	509	348	502	39	0	
9	0	0	0	0	520	509	348	517	39	0	
10	0	0	0	0	517	511	348	500	39	0	
11	0	0	0	0	515	508	348	516	39	0	
12	0	0	0	0	512	506	349	497	39	0	
13	0	0	0	0	516	510	349	525	39	0	
14	0	0	0	0	519	509	349	497	39	0	
15	0	0	0	0	512	508	348	518	39	0	
0	0	0	0	0	522	508	349	497	39	0	
1	0	0	0	0	511	510	349	524	39	0	
2	0	0	0	0	509	508	349	496	39	0	
3	0	0	0	0	517	505	349	524	39	0	
4	0	0	0	0	510	507	349	499	39	0	
5	0	0	0	0	515	510	349	527	39	0	
6	0	0	0	0	511	506	349	496	39	0	
7	0	0	0	0	516	510	349	520	39	0	
8	0	0	0	0	513	508	349	502	39	0	
9	0	0	0	0	524	507	349	517	39	0	
10	0	0	0	0	505	508	349	503	39	0	
11	0	0	0	0	513	511	349	521	39	0	
12	0	0	0	0	511	503	349	496	39	0	
13	0	0	0	0	517	511	349	523	39	0	
14	0	0	0	0	511	509	349	494	39	0	
15	0	0	0	0	515	513	349	529	39	0	
0	0	0	0	0	511	505	349	506	39	0	
1	0	0	0	0	521	508	349	522	39	0	
2	0	0	0	0	509	507	349	491	39	0	
3	0	0	0	0	516	512	349	520	39	0	
4	0	0	0	0	513	511	350	492	39	0	
5	0	0	0	0	512	512	349	529	39	0	
6	0	0	0	0	509	508	349	500	39	0	
7	0	0	0	0	517	510	349	522	39	0	
8	0	0	0	0	513	508	350	486	39	0	
9	0	0	0	0	520	509	349	521	39	0	
10	0	0	0	0	508	508	349	492	39	0	
11	0	0	0	0	513	508	349	524	39	0	
12	0	0	0	0	510	502	350	497	39	0	
13	0	0	0	0	519	509	350	519	39	0	
14	0	0	0	0	508	510	350	496	39	0	
15	0	0	0	0	507	510	350	527	39	0	
0	0	0	0	0	517	508	350	496	39	0	
1	0	0	0	0	516	510	350	520	39	0	
2	0	0	0	0	514	504	350	486	39	0	
3	0	0	0	0	506	509	350	521	39	0	
4	0	0	0	0	510	506	350	500	39	0	
5	0	0	0	0	519	510	350	517	39	0	
6	0	0	0	0	514	507	350	492	39	0	
7	0	0	0	0	519	509	350	529	39	0	
8	0	0	0	0	516	508	350	503	39	0	
9	0	0	0	0	512	508	350	524	39	0	
10	0	0	0	0	514	507	350	494	39	0	
11	0	0	0	0	511	511	350	520	39	0	
12	0	0	0	0	516	507	350	509	39	0	
13	0	0	0	0	519	509	350	528	39	0	
14	0	0	0	0	508	504	350	503	39	0	
15	0	0	0	0	516	508	350	521	39	0	
0	0	0	0	0	515	508	350	492	39	0	
1	0	0	0	0	518	510	350	517	39	0	
2	0	0	0	0	510	507	350	495	39	0	
3	0	0	0	0	517	511	350	517	39	0	
4	0	0	0	0	518	507	350	495	39	0	
5	0	0	0	0	508	513	350	517	39	0	
6	0	0	0	0	515	506	350	495	39	0	
7	0	0	0	0	519	511	350	517	39	0	
8	0	0	0	0	514	505	350	495	39	0	
9	0	0	0	0	511	511	350	525	39	0	
10	0	0	0	0	525	509	350	497	39	0	
11	0	0	0	0	514	508	350	517	39	0	
12	0	0	0	0	510	504	351	496	39	0	
13	0	0	0	0	515	508	350	523	39	0	
14	0	0	0	0	510	507	351	496	39	0	
15	0	0	0	0	513	510	351	522	39	0	
0	0	0	0	0	522	508	351	497	39	0	
1	0	0	0	0	520	509	351	523	39	0	
2	0	0	0	0	518	507	351	498	39	0	
3	0	0	0	0	517	513	351	528	39	0	
4	0	0	0	0	512	508	351	497	39	0	
5	0	0	0	0	514	511	351	529	39	0	
6	0	0	0	0	508	507	351	501	39	0	
7	0	0	0	0	516	508	351	522	39	0	
8	0	0	0	0	516	510	351	489	39	0	
9	0	0	0	0	511	510	351	524	39	0	
10	0	0	0	0	512	508	351	497	39	0	
11	0	0	0	0	518	510	351	519	39	0	
12	0	0	0	0	507	507	351	498	39	0	
13	0	0	0	0	515	509	351	529	39	0	
14	0	0	0	0	516	510	351	493	39	0	
15	0	0	0	0	510	509	351	519	39	0	
0	0	0	0	0	507	506	351	496	39	0	
1	0	0	0	0	518	512	351	528	39	0	
2	0	0	0	0	513	509	351	496	39	0	
3	0	0	0	0	510	511	351	522	39	0	
4	0	0	0	0	504	508	351	495	39	0	
5	0	0	0	0	513	510	351	520	39	0	
6	0	0	0	0	513	505	351	495	39	0	
7	0	0	0	0	513	508	351	530	39	0	
8	0	0	0	0	511	507	351	489	39	0	
9	0	0	0	0	511	512	351	526	39	0	
10	0	0	0	0	515	508	351	487	39	0	
11	0	0	0	0	511	512	351	520	39	0	
12	0	0	0	0	515	508	352	500	39	0	
13	0	0	0	0	512	510	351	531	39	0	
14	0	0	0	0	511	509	351	486	39	0	
15	0	0	0	0	509	509	351	527	39	0	
0	0	0	0	0	510	507	352	498	39	0	
1	0	0	0	0	506	510	351	532	39	0	
2	0	0	0	0	515	507	352	495	39	0	
3	0	0	0	0	514	505	352	523	39	0	
4	0	0	0	0	515	504	352	488	39	0	
5	0	0	0	0	518	512	352	524	39	0	
6	0	0	0	0	510	508	352	491	39	0	
7	0	0	0	0	501	508	352	529	39	0	
8	0	0	0	0	511	505	352	492	39	0	
9	0	0	0	0	513	510	352	525	39	0	
10	0	0	0	0	518	506	352	492	39	0	
11	0	0	0	0	521	508	352	528	39	0	
12	0	0	0	0	518	506	352	498	39	0	
13	0	0	0	0	513	506	352	523	39	0	
14	0	0	0	0	515	505	352	497	39	0	
15	0	0	0	0	516	509	352	525	39	0	
0	0	0	0	0	519	506	352	493	39	0	
1	0	0	0	0	512	509	352	526	39	0	
2	0	0	0	0	507	505	352	492	39	0	
3	0	0	0	0	512	511	352	528	39	0	
4	0	0	0	0	517	508	352	486	39	0	
5	0	0	0	0	517	508	352	528	39	0	
6	0	0	0	0	510	508	352	488	39	0	
7	0	0	0	0	516	508	352	535	39	0	
8	0	0	0	0	518	505	353	495	39	0	
9	0	0	0	0	507	507	352	526	39	0	
10	0	0	0	0	517	508	352	497	39	0	
11	0	0	0	0	515	507	352	530	39	0	
12	0	0	0	0	510	507	353	492	39	0	
13	0	0	0	0	514	510	352	521	39	0	
14	0	0	0	0	519	510	353	492	39	0	
15	0	0	0	0	512	511	353	525	39	0	
0	0	0	0	0	512	509	353	499	39	0	
1	0	0	0	0	511	513	353	530	39	0	
2	0	0	0	0	517	509	353	495	39	0	
3	0	0	0	0	515	508	353	529	39	0	
4	0	0	0	0	515	506	353	497	39	0	
5	0	0	0	0	509	507	353	527	39	0	
6	0	0	0	0	518	505	353	493	39	0	
7	0	0	0	0	514	505	353	526	39	0	
8	0	0	0	0	519	507	353	498	39	0	
9	0	0	0	0	507	510	353	526	39	0	
10	0	0	0	0	513	511	353	497	39	0	
11	0	0	0	0	517	511	353	526	39	0	
12	0	0	0	0	511	509	353	494	39	0	
13	0	0	0	0	509	512	353	521	39	0	
14	0	0	0	0	520	508	353	493	39	0	
15	0	0	0	0	521	512	353	525	39	0	
0	0	0	0	0	512	507	354	491	39	0	
1	0	0	0	0	509	510	353	524	39	0	
2	0	0	0	0	514	507	354	496	39	0	
3	0	0	0	0	520	508	353	526	39	0	
4	0	0	0	0	513	508	354	493	39	0	
5	0	0	0	0	513	513	354	524	39	0	
6	0	0	0	0	517	508	354	497	39	0	
7	0	0	0	0	515	512	354	528	39	0	
8	0	0	0	0	510	505	354	498	39	0	
9	0	0	0	0	507	509	354	530	39	0	
10	0	0	0	0	515	506	354	497	39	0	
11	0	0	0	0	519	511	354	519	39	0	
12	0	0	0	0	515	510	354	487	39	0	
13	0	0	0	0	511	508	354	518	39	0	
14	0	0	0	0	512	508	354	494	39	0	
15	0	0	0	0	507	508	354	530	39	0	
0	0	0	0	0	515	507	354	498	39	0	
1	0	0	0	0	512	508	354	522	39	0	
2	0	0	0	0	509	506	355	491	39	0	
3	0	0	0	0	510	508	354	526	39	0	
4	0	0	0	0	511	507	355	496	39	0	
5	0	0	0	0	515	508	355	530	39	0	
6	0	0	0	0	514	509	355	492	39	0	
7	0	0	0	0	517	512	355	522	39	0	
8	0	0	0	0	511	507	355	497	39	0	
9	0	0	0	0	512	510	355	531	39	0	
10	0	0	0	0	511	506	355	491	39	0	
11	0	0	0	0	512	511	355	524	39	0	
12	0	0	0	0	512	508	355	492	39	0	
13	0	0	0	0	519	511	355	521	39	0	
14	0	0	0	0	508	504	355	497	39	0	
15	0	0	0	0	510	508	355	523	39	0	
0	0	0	0	0	518	507	355	494	39	0	
1	0	0	0	0	504	508	355	537	39	0	
2	0	0	0	0	512	510	355	499	39	0	
3	0	0	0	0	514	511	355	523	39	0	
4	0	0	0	0	519	506	355	489	39	0	
5	0	0	0	0	522	511	355	524	39	0	
6	0	0	0	0	518	507	355	496	39	0	
7	0	0	0	0	508	511	355	534	39	0	
8	0	0	0	0	517	505	356	493	39	0	
9	0	0	0	0	514	513	355	528	39	0	
10	0	0	0	0	517	508	356	495	39	0	
11	0	0	0	0	516	508	356	527	39	0	
12	0	0	0	0	515	507	356	487	39	0	
13	0	0	0	0	520	508	356	521	39	0	
14	0	0	0	0	512	508	356	490	39	0	
15	0	0	0	0	511	511	356	525	39	0	
0	0	0	0	0	519	508	356	494	39	0	
1	0	0	0	0	512	509	356	529	39	0	
2	0	0	0	0	512	504	356	490	39	0	
3	0	0	0	0	521	511	356	531	39	0	
4	0	0	0	0	518	506	357	499	39	0	
5	0	0	0	0	508	509	356	532	39	0	
6	0	0	0	0	516	505	356	492	39	0	
7	0	0	0	0	507	508	356	527	39	0	
8	0	0	0	0	516	506	357	492	39	0	
9	0	0	0	0	517	509	357	533	39	0	
10	0	0	0	0	516	505	357	500	39	0	
11	0	0	0	0	519	509	357	527	39	0	
12	0	0	0	0	510	507	357	490	39	0	
13	0	0	0	0	512	514	357	537	39	0	
14	0	0	0	0	512	507	357	491	39	0	
15	0	0	0	0	508	511	357	526	39	0	
0	0	0	0	0	511	508	358	487	39	0	
1	0	0	0	0	515	511	358	528	39	0	
2	0	0	0	0	512	508	358	495	39	0	
3	0	0	0	0	516	510	358	537	39	0	
4	0	0	0	0	514	505	358	496	39	0	
5	0	0	0	0	511	515	358	522	39	0	
6	0	0	0	0	524	503	358	492	39	0	
7	0	0	0	0	516	510	358	529	39	0	
8	0	0	0	0	515	508	359	496	39	0	
9	0	0	0	0	510	513	358	524	39	0	
10	0	0	0	0	522	508	359	497	39	0	
11	0	0	0	0	514	512	359	521	39	0	
12	0	0	0	0	510	507	359	484	39	0	
13	0	0	0	0	516	511	359	521	39	0	
14	0	0	0	0	516	508	359	492	39	0	
15	0	0	0	0	513	511	359	523	39	0	
0	0	0	0	0	509	506	359	495	39	0	
1	0	0	0	0	517	510	359	528	39	0	
2	0	0	0	0	518	507	359	491	39	0	
3	0	0	0	0	514	513	359	524	39	0	
4	0	0	0	0	515	507	360	495	39	0	
5	0	0	0	0	510	508	360	526	39	0	
6	0	0	0	0	517	507	360	490	39	0	
7	0	0	0	0	513	514	360	527	39	0	
8	0	0	0	0	508	505	360	484	39	0	
9	0	0	0	0	511	511	360	534	39	0	
10	0	0	0	0	512	509	361	492	39	0	
11	0	0	0	0	511	511	361	527	39	0	
12	0	0	0	0	514	505	361	500	39	0	
13	0	0	0	0	510	510	361	529	39	0	
14	0	0	0	0	519	506	361	488	39	0	
15	0	0	0	0	515	508	361	527	39	0	
0	0	0	0	0	515	504	361	495	39	0	
1	0	0	0	0	517	508	361	531	39	0	
2	0	0	0	0	512	506	361	491	39	0	
3	0	0	0	0	517	511	361	530	39	0	
4	0	0	0	0	515	505	362	488	39	0	
5	0	0	0	0	506	508	362	530	39	0	
6	0	0	0	0	512	507	362	492	39	0	
7	0	0	0	0	518	512	362	527	39	0	
8	0	0	0	0	510	509	363	488	39	0	
9	0	0	0	0	513	512	362	531	39	0	
10	0	0	0	0	517	506	363	494	39	0	
11	0	0	0	0	508	509	363	524	39	0	
12	0	0	0	0	516	505	363	495	39	0	
13	0	0	0	0	521	507	363	532	39	0	
14	0	0	0	0	513	507	363	489	39	0	
15	0	0	0	0	513	510	363	526	39	0	
0	0	0	0	0	515	510	364	494	39	0	
1	0	0	0	0	514	510	363	527	39	0	
2	0	0	0	0	515	508	364	489	39	0	
3	0	0	0	0	514	508	364	527	39	0	
4	0	0	0	0	513	504	364	491	39	0	
5	0	0	0	0	516	510	364	531	39	0	
6	0	0	0	0	518	506	364	492	39	0	
7	0	0	0	0	517	510	364	531	39	0	
8	0	0	0	0	517	511	365	492	39	0	
9	0	0	0	0	508	512	364	531	39	0	
10	0	0	0	0	512	505	365	482	39	0	
11	0	0	0	0	504	511	365	528	39	0	
12	0	0	0	0	519	506	365	496	39	0	
13	0	0	0	0	519	512	365	528	39	0	
14	0	0	0	0	517	506	365	493	39	0	
15	0	0	0	0	509	510	365	526	39	0	
0	0	0	0	0	513	504	366	489	39	0	
1	0	0	0	0	514	511	366	532	39	0	
2	0	0	0	0	516	505	366	486	39	0	
3	0	0	0	0	511	510	366	526	39	0	
4	0	0	0	0	519	506	366	492	39	0	
5	0	0	0	0	515	508	366	524	39	0	
6	0	0	0	0	510	505	367	491	39	0	
7	0	0	0	0	513	508	367	537	39	0	
8	0	0	0	0	519	508	367	490	39	0	
9	0	0	0	0	514	509	367	540	39	0	
10	0	0	0	0	511	507	367	492	39	0	
11	0	0	0	0	511	510	367	531	39	0	
12	0	0	0	0	513	507	368	493	39	0	
13	0	0	0	0	512	511	367	528	39	0	
14	0	0	0	0	511	507	368	491	39	0	
15	0	0	0	0	504	513	368	535	39	0	
0	0	0	0	0	515	509	368	495	39	0	
1	0	0	0	0	510	510	368	535	39	0	
2	0	0	0	0	519	505	368	481	39	0	
3	0	0	0	0	515	510	368	526	39	0	
4	0	0	0	0	517	508	368	485	39	0	
5	0	0	0	0	512	510	368	528	39	0	
6	0	0	0	0	518	504	368	497	39	0	
7	0	0	0	0	513	513	369	533	39	0	
8	0	0	0	0	515	508	369	492	39	0	
9	0	0	0	0	513	513	369	528	39	0	
10	0	0	0	0	516	509	369	492	39	0	
11	0	0	0	0	509	511	369	528	39	0	
12	0	0	0	0	515	508	369	492	39	0	
13	0	0	0	0	519	512	369	540	39	0	
14	0	0	0	0	512	508	370	497	39	0	
15	0	0	0	0	516	512	369	529	39	0	
0	0	0	0	0	524	508	370	488	39	0	
1	0	0	0	0	511	510	370	531	39	0	
2	0	0	0	0	505	504	370	487	39	0	
3	0	0	0	0	511	512	370	526	39	0	
4	0	0	0	0	513	507	370	486	39	0	
5	0	0	0	0	516	511	370	531	39	0	
6	0	0	0	0	514	505	371	485	39	0	
7	0	0	0	0	512	508	370	523	39	0	
8	0	0	0	0	520	507	371	489	39	0	
9	0	0	0	0	511	509	371	532	39	0	
10	0	0	0	0	512	504	371	491	39	0	
11	0	0	0	0	509	509	371	529	39	0	
12	0	0	0	0	514	506	371	488	39	0	
13	0	0	0	0	505	508	371	531	39	0	
14	0	0	0	0	511	505	371	491	39	0	
15	0	0	0	0	515	510	371	529	39	0	
0	0	0	0	0	515	503	372	490	39	0	
1	0	0	0	0	513	508	371	528	39	0	
2	0	0	0	0	511	508	372	489	39	0	
3	0	0	0	0	507	512	372	524	39	0	
4	0	0	0	0	520	508	372	496	39	0	
5	0	0	0	0	508	511	372	527	39	0	
6	0	0	0	0	512	507	372	500	39	0	
7	0	0	0	0	516	512	372	536	39	0	
8	0	0	0	0	516	506	372	490	39	0	
9	0	0	0	0	511	511	372	530	39	0	
10	0	0	0	0	516	506	372	490	39	0	
11	0	0	0	0	509	512	372	534	39	0	
12	0	0	0	0	515	508	373	495	39	0	
13	0	0	0	0	512	513	372	540	39	0	
14	0	0	0	0	511	508	373	496	39	0	
15	0	0	0	0	511	511	373	523	39	0	
0	0	0	0	0	518	507	373	492	39	0	
1	0	0	0	0	513	512	373	531	39	0	
2	0	0	0	0	516	509	373	488	39	0	
3	0	0	0	0	512	511	373	532	39	0	
4	0	0	0	0	518	502	374	488	39	0	
5	0	0	0	0	514	511	373	524	39	0	
6	0	0	0	0	518	509	374	494	39	0	
7	0	0	0	0	515	512	374	543	39	0	
8	0	0	0	0	513	508	374	490	39	0	
9	0	0	0	0	515	508	374	529	39	0	
10	0	0	0	0	514	508	374	492	39	0	
11	0	0	0	0	509	512	374	526	39	0	
12	0	0	0	0	520	507	374	497	39	0	
13	0	0	0	0	518	509	374	526	39	0	
14	0	0	0	0	515	504	374	491	39	0	
15	0	0	0	0	508	509	374	540	39	0	
0	0	0	0	0	513	504	375	484	39	0	
1	0	0	0	0	518	508	374	531	39	0	
2	0	0	0	0	514	505	375	493	39	0	
3	0	0	0	0	511	512	374	520	39	0	
4	0	0	0	0	516	506	375	489	39	0	
5	0	0	0	0	509	511	375	529	39	0	
6	0	0	0	0	514	507	375	494	39	0	
7	0	0	0	0	510	512	375	524	39	0	
8	0	0	0	0	515	507	375	486	39	0	
9	0	0	0	0	513	511	375	533	39	0	
10	0	0	0	0	519	505	375	491	39	0	
11	0	0	0	0	506	512	375	530	39	0	
12	0	0	0	0	510	508	375	491	39	0	
13	0	0	0	0	506	508	375	535	39	0	
14	0	0	0	0	514	511	375	490	39	0	
15	0	0	0	0	511	509	375	534	39	0	
0	0	0	0	0	519	503	376	494	39	0	
1	0	0	0	0	513	510	375	534	39	0	
2	0	0	0	0	511	506	376	486	39	0	
3	0	0	0	0	509	512	375	531	39	0	
4	0	0	0	0	518	504	376	485	39	0	
5	0	0	0	0	505	512	376	527	39	0	
6	0	0	0	0	519	506	376	495	39	0	
7	0	0	0	0	513	515	376	528	39	0	
8	0	0	0	0	522	506	376	492	39	0	
9	0	0	0	0	509	510	376	542	39	0	
10	0	0	0	0	515	504	376	493	39	0	
11	0	0	0	0	507	509	376	531	39	0	
12	0	0	0	0	516	508	376	492	39	0	
13	0	0	0	0	509	512	376	526	39	0	
14	0	0	0	0	517	505	376	494	39	0	
15	0	0	0	0	507	513	376	542	39	0	
0	0	0	0	0	517	507	376	488	39	0	
1	0	0	0	0	508	509	376	528	39	0	
2	0	0	0	0	518	505	376	485	39	0	
3	0	0	0	0	515	509	376	528	39	0	
4	0	0	0	0	519	508	377	488	39	0	
5	0	0	0	0	506	511	376	525	39	0	
6	0	0	0	0	513	507	377	483	39	0	
7	0	0	0	0	514	508	377	539	39	0	
8	0	0	0	0	517	505	377	486	39	0	
9	0	0	0	0	512	510	377	529	39	0	
10	0	0	0	0	515	507	377	494	39	0	
11	0	0	0	0	508	512	377	529	39	0	
12	0	0	0	0	516	507	377	497	39	0	
13	0	0	0	0	513	513	377	534	39	0	
14	0	0	0	0	521	506	377	493	39	0	
15	0	0	0	0	510	509	377	531	39	0	
0	0	0	0	0	524	507	377	494	39	0	
1	0	0	0	0	515	512	377	522	39	0	
2	0	0	0	0	519	508	377	487	39	0	
3	0	0	0	0	511	509	377	536	39	0	
4	0	0	0	0	515	507	377	492	39	0	
5	0	0	0	0	514	509	377	529	39	0	
6	0	0	0	0	515	506	377	490	39	0	
7	0	0	0	0	512	512	377	532	39	0	
8	0	0	0	0	512	509	378	490	39	0	
9	0	0	0	0	510	510	377	535	39	0	
10	0	0	0	0	520	509	378	492	39	0	
11	0	0	0	0	508	511	377	538	39	0	
12	0	0	0	0	517	507	378	496	39	0	
13	0	0	0	0	507	511	377	530	39	0	
14	0	0	0	0	512	504	378	488	39	0	
15	0	0	0	0	512	508	377	535	39	0	
0	0	0	0	0	515	507	378	492	39	0	
1	0	0	0	0	510	509	378	538	39	0	
2	0	0	0	0	519	506	378	489	39	0	
3	0	0	0	0	507	509	378	533	39	0	
4	0	0	0	0	519	508	378	489	39	0	
5	0	0	0	0	504	512	378	528	39	0	
6	0	0	0	0	513	509	378	489	39	0	
7	0	0	0	0	510	511	378	530	39	0	
8	0	0	0	0	519	504	378	488	39	0	
9	0	0	0	0	511	508	378	524	39	0	
10	0	0	0	0	514	510	378	489	39	0	
11	0	0	0	0	518	513	378	529	39	0	
12	0	0	0	0	518	507	378	491	39	0	
13	0	0	0	0	511	509	378	535	39	0	
14	0	0	0	0	519	507	378	491	39	0	
15	0	0	0	0	515	508	378	525	39	0	
0	0	0	0	0	514	508	379	488	39	0	
1	0	0	0	0	511	511	378	544	39	0	
2	0	0	0	0	522	504	378	494	39	0	
3	0	0	0	0	515	512	378	526	39	0	
4	0	0	0	0	520	508	379	490	39	0	
5	0	0	0	0	508	510	378	531	39	0	
6	0	0	0	0	521	507	378	481	39	0	
7	0	0	0	0	519	512	378	535	39	0	
8	0	0	0	0	513	507	379	493	39	0	
9	0	0	0	0	501	512	378	540	39	0	
10	0	0	0	0	513	504	379	494	39	0	
11	0	0	0	0	508	511	378	532	39	0	
12	0	0	0	0	514	508	379	489	39	0	
13	0	0	0	0	515	512	378	530	39	0	
14	0	0	0	0	519	507	379	494	39	0	
15	0	0	0	0	512	511	378	525	39	0	
0	0	0	0	0	517	505	379	490	39	0	
1	0	0	0	0	509	508	378	531	39	0	
2	0	0	0	0	516	508	379	483	39	0	
3	0	0	0	0	512	507	378	534	39	0	
4	0	0	0	0	510	506	379	495	39	0	
5	0	0	0	0	506	511	378	543	39	0	
6	0	0	0	0	518	506	379	489	39	0	
7	0	0	0	0	515	509	378	537	39	0	
8	0	0	0	0	511	507	379	487	39	0	
9	0	0	0	0	510	512	379	527	39	0	
10	0	0	0	0	517	510	379	492	39	0	
11	0	0	0	0	516	512	379	529	39	0	
12	0	0	0	0	523	508	379	491	39	0	
13	0	0	0	0	513	510	379	527	39	0	
14	0	0	0	0	517	506	379	489	39	0	
15	0	0	0	0	509	511	379	521	39	0	
0	0	0	0	0	518	504	379	492	39	0	
1	0	0	0	0	516	510	379	536	39	0	
2	0	0	0	0	514	508	379	496	39	0	
3	0	0	0	0	508	513	379	535	39	0	
4	0	0	0	0	510	508	379	492	39	0	
5	0	0	0	0	510	508	379	533	39	0	
6	0	0	0	0	524	505	379	485	39	0	
7	0	0	0	0	509	509	379	531	39	0	
8	0	0	0	0	516	507	379	492	39	0	
9	0	0	0	0	514	512	379	531	39	0	
10	0	0	0	0	515	506	379	488	39	0	
11	0	0	0	0	509	509	379	533	39	0	
12	0	0	0	0	519	508	379	496	39	0	
13	0	0	0	0	512	511	379	534	39	0	
14	0	0	0	0	516	507	379	494	39	0	
15	0	0	0	0	512	509	379	534	39	0	
0	0	0	0	0	512	506	379	487	39	0	
1	0	0	0	0	516	515	379	524	39	0	
2	0	0	0	0	517	508	379	490	39	0	
3	0	0	0	0	512	508	379	531	39	0	
4	0	0	0	0	516	506	379	484	39	0	
5	0	0	0	0	508	509	379	540	39	0	
6	0	0	0	0	519	505	379	492	39	0	
7	0	0	0	0	512	511	379	535	39	0	
8	0	0	0	0	518	510	379	492	39	0	
9	0	0	0	0	512	512	379	532	39	0	
10	0	0	0	0	522	507	379	485	39	0	
11	0	0	0	0	506	511	379	538	39	0	
12	0	0	0	0	516	505	379	502	39	0	
13	0	0	0	0	513	512	379	540	39	0	
14	0	0	0	0	517	510	379	491	39	0	
15	0	0	0	0	515	508	379	524	39	0	
0	0	0	0	0	522	512	379	489	39	0	
1	0	0	0	0	511	512	379	529	39	0	
2	0	0	0	0	514	506	379	490	39	0	
3	0	0	0	0	508	510	379	534	39	0	
4	0	0	0	0	516	507	379	491	39	0	
5	0	0	0	0	518	509	379	536	39	0	
6	0	0	0	0	512	508	379	485	39	0	
7	0	0	0	0	506	511	379	531	39	0	
8	0	0	0	0	514	507	379	492	39	0	
9	0	0	0	0	511	510	379	533	39	0	
10	0	0	0	0	518	505	379	486	39	0	
11	0	0	0	0	511	511	379	530	39	0	
12	0	0	0	0	513	507	379	490	39	0	
13	0	0	0	0	515	511	379	528	39	0	
14	0	0	0	0	509	508	379	486	39	0	
15	0	0	0	0	508	511	379	519	39	0	
0	0	0	0	0	519	509	379	493	39	0	
1	0	0	0	0	512	509	379	536	39	0	
2	0	0	0	0	518	509	379	493	39	0	
3	0	0	0	0	511	512	379	526	39	0	
4	0	0	0	0	516	507	379	492	39	0	
5	0	0	0	0	509	511	378	532	39	0	
6	0	0	0	0	522	510	379	489	39	0	
7	0	0	0	0	517	508	378	532	39	0	
8	0	0	0	0	515	507	379	489	39	0	
9	0	0	0	0	507	510	378	529	39	0	
10	0	0	0	0	516	505	378	485	39	0	
11	0	0	0	0	512	510	378	536	39	0	
12	0	0	0	0	520	506	379	495	39	0	
13	0	0	0	0	508	511	378	531	39	0	
14	0	0	0	0	522	504	379	491	39	0	
15	0	0	0	0	509	510	378	538	39	0	
0	0	0	0	0	516	503	379	495	39	0	
1	0	0	0	0	515	511	378	532	39	0	
2	0	0	0	0	514	504	379	493	39	0	
3	0	0	0	0	508	508	378	530	39	0	
4	0	0	0	0	512	506	379	495	39	0	
5	0	0	0	0	506	509	378	529	39	0	
6	0	0	0	0	521	507	378	491	39	0	
7	0	0	0	0	514	511	378	542	39	0	
8	0	0	0	0	515	507	378	489	39	0	
9	0	0	0	0	513	510	378	535	39	0	
10	0	0	0	0	518	508	378	488	39	0	
11	0	0	0	0	512	511	378	539	39	0	
12	0	0	0	0	518	509	379	492	39	0	
13	0	0	0	0	515	510	378	540	39	0	
14	0	0	0	0	516	510	378	488	39	0	
15	0	0	0	0	511	511	378	532	39	0	
0	0	0	0	0	521	507	378	491	39	0	
1	0	0	0	0	510	512	378	534	39	0	
2	0	0	0	0	519	508	378	492	39	0	
3	0	0	0	0	503	508	378	528	39	0	
4	0	0	0	0	519	506	378	491	39	0	
5	0	0	0	0	506	508	378	541	39	0	
6	0	0	0	0	518	508	378	490	39	0	
7	0	0	0	0	514	511	378	529	39	0	
8	0	0	0	0	514	507	378	489	39	0	
9	0	0	0	0	510	510	378	536	39	0	
10	0	0	0	0	515	507	378	494	39	0	
11	0	0	0	0	510	508	378	529	39	0	
12	0	0	0	0	519	511	378	485	39	0	
13	0	0	0	0	514	510	378	528	39	0	
14	0	0	0	0	522	508	378	487	39	0	
15	0	0	0	0	506	512	378	536	39	0	
0	0	0	0	0	515	505	378	487	39	0	
1	0	0	0	0	514	510	378	538	39	0	
2	0	0	0	0	515	504	378	489	39	0	
3	0	0	0	0	508	508	377	539	39	0	
4	0	0	0	0	523	507	378	488	39	0	
5	0	0	0	0	515	508	377	527	39	0	
6	0	0	0	0	523	507	378	483	39	0	
7	0	0	0	0	508	509	377	531	39	0	
8	0	0	0	0	512	506	378	491	39	0	
9	0	0	0	0	512	507	377	532	39	0	
10	0	0	0	0	515	508	377	492	39	0	
11	0	0	0	0	505	513	377	529	39	0	
12	0	0	0	0	511	507	377	487	39	0	
13	0	0	0	0	517	511	377	531	39	0	
14	0	0	0	0	516	505	377	491	39	0	
15	0	0	0	0	510	510	377	532	39	0	
0	0	0	0	0	516	503	377	485	39	0	
1	0	0	0	0	509	511	377	531	39	0	
2	0	0	0	0	518	507	377	487	39	0	
3	0	0	0	0	511	511	377	535	39	0	
4	0	0	0	0	514	508	377	494	39	0	
5	0	0	0	0	508	510	377	539	39	0	
6	0	0	0	0	517	509	377	489	39	0	
7	0	0	0	0	512	513	377	528	39	0	
8	0	0	0	0	511	505	377	487	39	0	
9	0	0	0	0	513	509	377	540	39	0	
10	0	0	0	0	520	507	377	491	39	0	
11	0	0	0	0	513	511	377	543	39	0	
12	0	0	0	0	513	507	377	490	39	0	
13	0	0	0	0	510	508	376	532	39	0	
14	0	0	0	0	517	506	377	487	39	0	
15	0	0	0	0	507	512	376	535	39	0	
0	0	0	0	0	512	508	377	488	39	0	
1	0	0	0	0	508	508	376	541	39	0	
2	0	0	0	0	515	508	376	489	39	0	
3	0	0	0	0	508	509	376	532	39	0	
4	0	0	0	0	517	507	376	491	39	0	
5	0	0	0	0	512	509	376	531	39	0	
6	0	0	0	0	518	504	376	496	39	0	
7	0	0	0	0	509	508	376	536	39	0	
8	0	0	0	0	518	505	376	487	39	0	
9	0	0	0	0	509	508	376	536	39	0	
10	0	0	0	0	514	508	376	482	39	0	
11	0	0	0	0	505	511	376	521	39	0	
12	0	0	0	0	519	509	376	488	39	0	
13	0	0	0	0	516	508	376	535	39	0	
14	0	0	0	0	511	505	376	497	39	0	
15	0	0	0	0	510	510	376	531	39	0	
0	0	0	0	0	520	505	376	491	39	0	
1	0	0	0	0	515	509	376	531	39	0	
2	0	0	0	0	513	507	376	498	39	0	
3	0	0	0	0	513	510	376	530	39	0	
4	0	0	0	0	518	509	376	487	39	0	
5	0	0	0	0	507	509	375	530	39	0	
6	0	0	0	0	516	507	376	491	39	0	
7	0	0	0	0	512	505	375	528	39	0	
8	0	0	0	0	516	509	376	493	39	0	
9	0	0	0	0	513	511	375	536	39	0	
10	0	0	0	0	518	509	375	492	39	0	
11	0	0	0	0	511	510	375	531	39	0	
12	0	0	0	0	518	510	376	486	39	0	
13	0	0	0	0	514	513	375	530	39	0	
14	0	0	0	0	521	507	375	486	39	0	
15	0	0	0	0	514	510	375	527	39	0	
0	0	0	0	0	516	507	375	493	39	0	
1	0	0	0	0	509	509	375	532	39	0	
2	0	0	0	0	516	508	375	489	39	0	
3	0	0	0	0	510	510	375	537	39	0	
4	0	0	0	0	518	509	375	492	39	0	
5	0	0	0	0	511	510	375	537	39	0	
6	0	0	0	0	513	508	375	494	39	0	
7	0	0	0	0	503	512	374	530	39	0	
8	0	0	0	0	520	505	375	492	39	0	
9	0	0	0	0	511	510	374	537	39	0	
10	0	0	0	0	512	510	375	493	39	0	
11	0	0	0	0	509	507	374	521	39	0	
12	0	0	0	0	516	508	375	494	39	0	
13	0	0	0	0	513	511	374	524	39	0	
14	0	0	0	0	514	508	374	493	39	0	
15	0	0	0	0	510	511	374	536	39	0	
0	0	0	0	0	516	507	374	495	39	0	
1	0	0	0	0	506	512	374	526	39	0	
2	0	0	0	0	517	507	374	487	39	0	
3	0	0	0	0	513	510	374	522	39	0	
4	0	0	0	0	514	507	374	489	39	0	
5	0	0	0	0	508	510	374	534	39	0	
6	0	0	0	0	513	507	374	491	39	0	
7	0	0	0	0	515	511	374	528	39	0	
8	0	0	0	0	517	508	374	490	39	0	
9	0	0	0	0	513	511	373	535	39	0	
10	0	0	0	0	520	508	374	494	39	0	
11	0	0	0	0	506	511	373	536	39	0	
12	0	0	0	0	520	509	374	494	39	0	
13	0	0	0	0	509	510	373	533	39	0	
14	0	0	0	0	516	506	373	493	39	0	
15	0	0	0	0	510	510	373	536	39	0	
0	0	0	0	0	516	504	373	496	39	0	
1	0	0	0	0	512	511	373	527	39	0	
2	0	0	0	0	517	505	373	488	39	0	
3	0	0	0	0	513	512	372	528	39	0	
4	0	0	0	0	517	504	373	490	39	0	
5	0	0	0	0	507	513	372	532	39	0	
6	0	0	0	0	522	509	373	487	39	0	
7	0	0	0	0	514	508	372	528	39	0	
8	0	0	0	0	512	503	373	493	39	0	
9	0	0	0	0	508	510	372	528	39	0	
10	0	0	0	0	512	504	372	487	39	0	
11	0	0	0	0	514	509	372	528	39	0	
12	0	0	0	0	516	505	372	494	39	0	
13	0	0	0	0	514	509	372	527	39	0	
14	0	0	0	0	513	507	372	486	39	0	
15	0	0	0	0	518	511	372	532	39	0	
0	0	0	0	0	515	506	372	496	39	0	
1	0	0	0	0	512	510	372	531	39	0	
2	0	0	0	0	519	510	372	496	39	0	
3	0	0	0	0	510	511	371	521	39	0	
4	0	0	0	0	518	510	372	490	39	0	
5	0	0	0	0	501	511	371	533	39	0	
6	0	0	0	0	522	508	372	491	39	0	
7	0	0	0	0	508	511	371	519	39	0	
8	0	0	0	0	524	506	371	488	39	0	
9	0	0	0	0	512	512	371	527	39	0	
10	0	0	0	0	512	507	371	490	39	0	
11	0	0	0	0	513	510	371	536	39	0	
12	0	0	0	0	518	508	371	493	39	0	
13	0	0	0	0	513	514	371	537	39	0	
14	0	0	0	0	517	507	371	496	39	0	
15	0	0	0	0	512	510	371	523	39	0	
0	0	0	0	0	513	505	371	492	39	0	
1	0	0	0	0	509	512	371	532	39	0	
2	0	0	0	0	517	505	371	494	39	0	
3	0	0	0	0	511	508	371	534	39	0	
4	0	0	0	0	508	504	371	494	39	0	
5	0	0	0	0	506	511	370	523	39	0	
6	0	0	0	0	516	507	371	497	39	0	
7	0	0	0	0	509	510	370	528	39	0	
8	0	0	0	0	517	507	370	490	39	0	
9	0	0	0	0	516	508	370	529	39	0	
10	0	0	0	0	512	504	370	495	39	0	
11	0	0	0	0	512	508	370	534	39	0	
12	0	0	0	0	520	508	370	495	39	0	
13	0	0	0	0	516	511	370	529	39	0	
14	0	0	0	0	520	509	370	492	39	0	
15	0	0	0	0	509	515	369	530	39	0	
0	0	0	0	0	511	508	370	489	39	0	
1	0	0	0	0	507	511	369	527	39	0	
2	0	0	0	0	517	505	370	489	39	0	
3	0	0	0	0	504	508	369	530	39	0	
4	0	0	0	0	524	504	370	489	39	0	
5	0	0	0	0	505	508	369	525	39	0	
6	0	0	0	0	514	507	369	499	39	0	
7	0	0	0	0	511	508	369	536	39	0	
8	0	0	0	0	511	509	369	492	39	0	
9	0	0	0	0	513	511	369	529	39	0	
10	0	0	0	0	523	509	369	492	39	0	
11	0	0	0	0	508	511	369	529	39	0	
12	0	0	0	0	513	506	369	494	39	0	
13	0	0	0	0	510	510	369	537	39	0	
14	0	0	0	0	511	509	369	490	39	0	
15	0	0	0	0	512	508	368	526	39	0	
0	0	0	0	0	523	507	369	489	39	0	
1	0	0	0	0	512	508	368	522	39	0	
2	0	0	0	0	516	503	369	491	39	0	
3	0	0	0	0	504	513	368	524	39	0	
4	0	0	0	0	523	506	368	491	39	0	
5	0	0	0	0	514	510	368	522	39	0	
6	0	0	0	0	520	505	368	500	39	0	
7	0	0	0	0	504	512	368	536	39	0	
8	0	0	0	0	511	508	368	487	39	0	
9	0	0	0	0	510	512	368	519	39	0	
10	0	0	0	0	517	509	368	497	39	0	
11	0	0	0	0	514	509	368	526	39	0	
12	0	0	0	0	524	506	368	494	39	0	
13	0	0	0	0	505	509	368	533	39	0	
14	0	0	0	0	511	508	368	484	39	0	
15	0	0	0	0	510	511	367	535	39	0	
0	0	0	0	0	515	505	368	487	39	0	
1	0	0	0	0	502	511	367	537	39	0	
2	0	0	0	0	517	509	367	494	39	0	
3	0	0	0	0	511	512	367	529	39	0	
4	0	0	0	0	512	506	367	491	39	0	
5	0	0	0	0	513	509	367	527	39	0	
6	0	0	0	0	513	505	367	492	39	0	
7	0	0	0	0	504	511	367	529	39	0	
8	0	0	0	0	520	507	367	491	39	0	
9	0	0	0	0	507	509	367	535	39	0	
10	0	0	0	0	519	510	367	495	39	0	
11	0	0	0	0	513	511	366	524	39	0	
12	0	0	0	0	515	508	367	497	39	0	
13	0	0	0	0	507	513	366	529	39	0	
14	0	0	0	0	516	508	367	490	39	0	
15	0	0	0	0	512	511	366	534	39	0	
0	0	0	0	0	518	503	367	484	39	0	
1	0	0	0	0	509	513	366	524	39	0	
2	0	0	0	0	520	507	366	489	39	0	
3	0	0	0	0	505	511	366	523	39	0	
4	0	0	0	0	518	509	366	491	39	0	
5	0	0	0	0	508	511	366	529	39	0	
6	0	0	0	0	518	506	366	501	39	0	
7	0	0	0	0	505	510	366	529	39	0	
8	0	0	0	0	516	507	366	504	39	0	
9	0	0	0	0	508	509	365	525	39	0	
10	0	0	0	0	517	505	366	491	39	0	
11	0	0	0	0	514	507	365	532	39	0	
12	0	0	0	0	515	506	366	497	39	0	
13	0	0	0	0	514	510	365	529	39	0	
14	0	0	0	0	518	505	365	488	39	0	
15	0	0	0	0	513	508	365	529	39	0	
0	0	0	0	0	518	506	365	492	39	0	
1	0	0	0	0	509	512	365	521	39	0	
2	0	0	0	0	524	507	365	499	39	0	
3	0	0	0	0	506	510	365	519	39	0	
4	0	0	0	0	516	505	365	491	39	0	
5	0	0	0	0	511	509	364	522	39	0	
6	0	0	0	0	518	505	365	500	39	0	
7	0	0	0	0	513	512	364	526	39	0	
8	0	0	0	0	522	505	364	496	39	0	
9	0	0	0	0	505	512	364	523	39	0	
10	0	0	0	0	526	511	364	495	39	0	
11	0	0	0	0	511	509	364	529	39	0	
12	0	0	0	0	517	506	364	493	39	0	
13	0	0	0	0	505	508	364	531	39	0	
14	0	0	0	0	518	508	364	494	39	0	
15	0	0	0	0	505	510	364	524	39	0	
0	0	0	0	0	519	505	364	494	39	0	
1	0	0	0	0	509	507	364	533	39	0	
2	0	0	0	0	521	508	364	499	39	0	
3	0	0	0	0	507	509	364	528	39	0	
4	0	0	0	0	512	506	364	497	39	0	
5	0	0	0	0	505	508	363	524	39	0	
6	0	0	0	0	516	506	364	494	39	0	
7	0	0	0	0	506	508	363	523	39	0	
8	0	0	0	0	516	508	364	489	39	0	
9	0	0	0	0	503	509	363	527	39	0	
10	0	0	0	0	520	509	363	489	39	0	
11	0	0	0	0	511	511	363	531	39	0	
12	0	0	0	0	512	509	363	492	39	0	
13	0	0	0	0	503	511	363	524	39	0	
14	0	0	0	0	522	506	363	494	39	0	
15	0	0	0	0	505	508	363	536	39	0	
0	0	0	0	0	515	509	363	495	39	0	
1	0	0	0	0	518	509	363	527	39	0	
2	0	0	0	0	517	508	363	498	39	0	
3	0	0	0	0	508	512	362	527	39	0	
4	0	0	0	0	516	508	363	499	39	0	
5	0	0	0	0	507	509	362	536	39	0	
6	0	0	0	0	520	508	362	497	39	0	
7	0	0	0	0	508	509	362	529	39	0	
8	0	0	0	0	519	510	362	495	39	0	
9	0	0	0	0	511	513	362	529	39	0	
10	0	0	0	0	524	504	362	489	39	0	
11	0	0	0	0	508	508	362	527	39	0	
12	0	0	0	0	519	506	362	499	39	0	
13	0	0	0	0	511	510	361	520	39	0	
14	0	0	0	0	519	508	361	492	39	0	
15	0	0	0	0	515	511	361	524	39	0	
0	0	0	0	0	514	507	361	488	39	0	
1	0	0	0	0	504	510	361	522	39	0	
2	0	0	0	0	518	509	361	496	39	0	
3	0	0	0	0	507	509	361	520	39	0	
4	0	0	0	0	518	505	361	498	39	0	
5	0	0	0	0	508	511	361	531	39	0	
6	0	0	0	0	520	508	361	496	39	0	
7	0	0	0	0	504	510	361	531	39	0	
8	0	0	0	0	515	508	361	497	39	0	
9	0	0	0	0	511	511	361	523	39	0	
10	0	0	0	0	518	508	361	497	39	0	
11	0	0	0	0	511	510	360	528	39	0	
12	0	0	0	0	520	508	361	495	39	0	
13	0	0	0	0	504	510	360	529	39	0	
14	0	0	0	0	521	505	360	501	39	0	
15	0	0	0	0	508	507	360	519	39	0	
0	0	0	0	0	518	507	360	487	39	0	
1	0	0	0	0	510	511	360	531	39	0	
2	0	0	0	0	515	508	360	495	39	0	
3	0	0	0	0	503	510	360	523	39	0	
4	0	0	0	0	510	509	360	490	39	0	
5	0	0	0	0	504	511	359	527	39	0	
6	0	0	0	0	515	506	360	493	39	0	
7	0	0	0	0	507	510	359	527	39	0	
8	0	0	0	0	519	509	360	502	39	0	
9	0	0	0	0	509	507	359	537	39	0	
10	0	0	0	0	512	507	359	494	39	0	
11	0	0	0	0	511	510	359	526	39	0	
12	0	0	0	0	519	508	359	496	39	0	
13	0	0	0	0	507	507	359	526	39	0	
14	0	0	0	0	520	507	359	495	39	0	
15	0	0	0	0	513	508	359	526	39	0	
0	0	0	0	0	514	507	359	494	39	0	
1	0	0	0	0	515	511	359	524	39	0	
2	0	0	0	0	521	509	359	491	39	0	
3	0	0	0	0	503	509	359	522	39	0	
4	0	0	0	0	522	507	359	500	39	0	
5	0	0	0	0	506	511	359	517	39	0	
6	0	0	0	0	519	508	359	497	39	0	
7	0	0	0	0	502	510	359	529	39	0	
8	0	0	0	0	519	508	359	497	39	0	
9	0	0	0	0	505	511	358	530	39	0	
10	0	0	0	0	524	510	358	497	39	0	
11	0	0	0	0	505	510	358	531	39	0	
12	0	0	0	0	516	509	358	496	39	0	
13	0	0	0	0	506	508	358	523	39	0	
14	0	0	0	0	514	505	358	501	39	0	
15	0	0	0	0	507	512	358	526	39	0	
0	0	0	0	0	523	509	358	499	39	0	
1	0	0	0	0	513	511	358	527	39	0	
2	0	0	0	0	519	507	358	495	39	0	
3	0	0	0	0	506	509	358	529	39	0	
4	0	0	0	0	521	508	358	496	39	0	
5	0	0	0	0	512	509	358	531	39	0	
6	0	0	0	0	523	508	358	498	39	0	
7	0	0	0	0	509	510	357	532	39	0	
8	0	0	0	0	524	506	358	494	39	0	
9	0	0	0	0	507	513	357	525	39	0	
10	0	0	0	0	517	509	357	494	39	0	
11	0	0	0	0	504	511	357	527	39	0	
12	0	0	0	0	516	508	358	508	39	0	
13	0	0	0	0	505	508	357	521	39	0	
14	0	0	0	0	522	506	357	493	39	0	
15	0	0	0	0	507	509	357	522	39	0	
0	0	0	0	0	519	505	357	494	39	0	
1	0	0	0	0	511	508	357	526	39	0	
2	0	0	0	0	517	508	357	497	39	0	
3	0	0	0	0	510	510	357	520	39	0	
4	0	0	0	0	519	503	357	502	39	0	
5	0	0	0	0	515	507	356	524	39	0	
6	0	0	0	0	515	505	357	492	39	0	
7	0	0	0	0	511	507	356	527	39	0	
8	0	0	0	0	519	509	357	496	39	0	
9	0	0	0	0	511	510	356	523	39	0	
10	0	0	0	0	520	508	356	496	39	0	
11	0	0	0	0	509	509	356	528	39	0	
12	0	0	0	0	518	507	356	499	39	0	
13	0	0	0	0	509	512	356	520	39	0	
14	0	0	0	0	520	507	356	499	39	0	
15	0	0	0	0	505	510	356	533	39	0	
0	0	0	0	0	516	505	356	492	39	0	
1	0	0	0	0	503	507	356	520	39	0	
2	0	0	0	0	521	506	356	495	39	0	
3	0	0	0	0	512	510	356	531	39	0	
4	0	0	0	0	521	508	356	496	39	0	
5	0	0	0	0	510	509	355	522	39	0	
6	0	0	0	0	518	505	356	500	39	0	
7	0	0	0	0	508	511	355	525	39	0	
8	0	0	0	0	518	508	356	496	39	0	
9	0	0	0	0	512	511	355	525	39	0	
10	0	0	0	0	522	505	355	504	39	0	
11	0	0	0	0	516	509	355	523	39	0	
12	0	0	0	0	521	510	355	500	39	0	
13	0	0	0	0	507	511	355	517	39	0	
14	0	0	0	0	518	507	355	491	39	0	
15	0	0	0	0	507	512	355	534	39	0	
0	0	0	0	0	511	507	355	498	39	0	
1	0	0	0	0	510	511	355	519	39	0	
2	0	0	0	0	516	505	355	497	39	0	
3	0	0	0	0	507	509	355	518	39	0	
4	0	0	0	0	519	504	355	501	39	0	
5	0	0	0	0	507	507	355	524	39	0	
6	0	0	0	0	513	508	355	496	39	0	
7	0	0	0	0	512	510	355	521	39	0	
8	0	0	0	0	516	507	355	498	39	0	
9	0	0	0	0	510	512	355	529	39	0	
10	0	0	0	0	519	508	355	499	39	0	
11	0	0	0	0	507	510	354	525	39	0	
12	0	0	0	0	519	506	355	493	39	0	
13	0	0	0	0	509	510	354	526	39	0	
14	0	0	0	0	517	506	355	495	39	0	
15	0	0	0	0	505	510	354	523	39	0	
0	0	0	0	0	521	509	355	503	39	0	
1	0	0	0	0	511	511	354	525	39	0	
2	0	0	0	0	517	509	354	500	39	0	
3	0	0	0	0	510	509	354	522	39	0	
4	0	0	0	0	518	508	354	501	39	0	
5	0	0	0	0	511	508	354	519	39	0	
6	0	0	0	0	515	510	354	499	39	0	
7	0	0	0	0	504	509	354	526	39	0	
8	0	0	0	0	520	506	354	497	39	0	
9	0	0	0	0	507	508	354	517	39	0	
10	0	0	0	0	516	509	354	495	39	0	
11	0	0	0	0	518	509	354	521	39	0	
12	0	0	0	0	519	507	354	497	39	0	
13	0	0	0	0	510	506	354	518	39	0	
14	0	0	0	0	516	508	354	502	39	0	
15	0	0	0	0	509	508	353	519	39	0	
0	0	0	0	0	520	508	354	495	39	0	
1	0	0	0	0	505	511	353	532	39	0	
2	0	0	0	0	518	509	353	493	39	0	
3	0	0	0	0	512	509	353	521	39	0	
4	0	0	0	0	523	506	353	503	39	0	
5	0	0	0	0	512	508	353	520	39	0	
6	0	0	0	0	520	510	353	500	39	0	
7	0	0	0	0	503	508	353	519	39	0	
8	0	0	0	0	519	508	353	500	39	0	
9	0	0	0	0	511	508	353	531	39	0	
10	0	0	0	0	517	507	353	500	39	0	
11	0	0	0	0	502	512	353	519	39	0	
12	0	0	0	0	511	507	353	501	39	0	
13	0	0	0	0	506	510	353	513	39	0	
14	0	0	0	0	518	512	353	494	39	0	
15	0	0	0	0	506	509	353	523	39	0	
0	0	0	0	0	511	509	353	500	39	0	
1	0	0	0	0	511	508	353	526	39	0	
2	0	0	0	0	520	508	353	503	39	0	
3	0	0	0	0	511	510	353	523	39	0	
4	0	0	0	0	517	509	353	504	39	0	
5	0	0	0	0	507	508	353	524	39	0	
6	0	0	0	0	523	509	353	502	39	0	
7	0	0	0	0	507	512	352	512	39	0	
8	0	0	0	0	513	505	353	499	39	0	
9	0	0	0	0	511	510	352	520	39	0	
10	0	0	0	0	523	508	352	496	39	0	
11	0	0	0	0	510	508	352	522	39	0	
12	0	0	0	0	516	509	353	499	39	0	
13	0	0	0	0	504	511	352	523	39	0	
14	0	0	0	0	513	507	352	502	39	0	
15	0	0	0	0	512	510	352	523	39	0	
0	0	0	0	0	518	508	352	501	39	0	
1	0	0	0	0	505	511	352	525	39	0	
2	0	0	0	0	519	507	352	500	39	0	
3	0	0	0	0	503	507	352	518	39	0	
4	0	0	0	0	516	509	352	501	39	0	
5	0	0	0	0	508	510	352	515	39	0	
6	0	0	0	0	517	507	352	505	39	0	
7	0	0	0	0	504	509	352	528	39	0	
8	0	0	0	0	511	509	352	502	39	0	
9	0	0	0	0	510	511	352	524	39	0	
10	0	0	0	0	522	509	352	502	39	0	
11	0	0	0	0	512	508	352	516	39	0	
12	0	0	0	0	516	509	352	499	39	0	
13	0	0	0	0	505	507	352	521	39	0	
14	0	0	0	0	518	509	352	502	39	0	
15	0	0	0	0	507	510	352	515	39	0	
0	0	0	0	0	520	508	352	509	39	0	
1	0	0	0	0	514	508	352	518	39	0	
2	0	0	0	0	517	509	352	501	39	0	
3	0	0	0	0	508	511	352	513	39	0	
4	0	0	0	0	519	507	352	500	39	0	
5	0	0	0	0	511	511	351	517	39	0	
6	0	0	0	0	524	507	352	502	39	0	
7	0	0	0	0	504	506	351	521	39	0	
8	0	0	0	0	516	506	352	502	39	0	
9	0	0	0	0	508	508	351	523	39	0	
10	0	0	0	0	519	510	351	504	39	0	
11	0	0	0	0	508	508	351	519	39	0	
12	0	0	0	0	513	511	352	496	39	0	
13	0	0	0	0	508	511	351	519	39	0	
14	0	0	0	0	511	507	351	500	39	0	
15	0	0	0	0	506	510	351	525	39	0	
0	0	0	0	0	513	509	351	502	39	0	
1	0	0	0	0	504	507	351	520	39	0	
2	0	0	0	0	513	510	351	500	39	0	
3	0	0	0	0	511	510	351	523	39	0	
4	0	0	0	0	516	505	351	498	39	0	
5	0	0	0	0	515	510	351	520	39	0	
6	0	0	0	0	514	507	351	503	39	0	
7	0	0	0	0	511	511	351	515	39	0	
8	0	0	0	0	511	510	352	504	39	0	
9	0	0	0	0	510	507	351	513	39	0	
10	0	0	0	0	521	507	351	500	39	0	
11	0	0	0	0	510	508	351	529	39	0	
12	0	0	0	0	519	508	351	501	39	0	
13	0	0	0	0	515	509	351	516	39	0	
14	0	0	0	0	518	508	351	497	39	0	
15	0	0	0	0	506	510	351	519	39	0	
0	0	0	0	0	523	509	352	499	39	0	
1	0	0	0	0	511	511	351	518	39	0	
2	0	0	0	0	519	510	351	497	39	0	
3	0	0	0	0	510	511	351	525	39	0	
4	0	0	0	0	520	510	351	500	39	0	
5	0	0	0	0	508	509	351	522	39	0	
6	0	0	0	0	512	507	351	501	39	0	
7	0	0	0	0	513	505	351	519	39	0	
8	0	0	0	0	510	504	352	491	39	0	
9	0	0	0	0	512	509	351	516	39	0	
10	0	0	0	0	511	507	352	493	39	0	
11	0	0	0	0	518	511	351	516	39	0	
12	0	0	0	0	515	508	352	499	39	0	
13	0	0	0	0	512	505	351	518	39	0	
14	0	0	0	0	516	508	352	500	39	0	
15	0	0	0	0	507	508	352	522	39	0	
0	0	0	0	0	516	506	352	504	39	0	
1	0	0	0	0	511	511	352	513	39	0	
2	0	0	0	0	517	511	352	508	39	0	
3	0	0	0	0	506	510	352	519	39	0	
4	0	0	0	0	510	512	352	497	39	0	
5	0	0	0	0	513	511	352	522	39	0	
6	0	0	0	0	516	508	352	503	39	0	
7	0	0	0	0	512	508	352	519	39	0	
8	0	0	0	0	519	509	352	500	39	0	
9	0	0	0	0	509	510	352	517	39	0	
10	0	0	0	0	515	509	352	498	39	0	
11	0	0	0	0	513	509	352	516	39	0	
12	0	0	0	0	512	507	352	500	39	0	
13	0	0	0	0	509	510	352	513	39	0	
14	0	0	0	0	512	508	352	500	39	0	
15	0	0	0	0	512	510	352	513	39	0	
0	0	0	0	0	514	508	352	512	39	0	
1	0	0	0	0	507	510	352	515	39	0	
2	0	0	0	0	517	508	352	498	39	0	
3	0	0	0	0	506	509	352	518	39	0	
4	0	0	0	0	521	510	353	505	39	0	
5	0	0	0	0	504	509	352	527	39	0	
6	0	0	0	0	523	507	353	499	39	0	
7	0	0	0	0	509	508	352	516	39	0	
8	0	0	0	0	515	507	353	496	39	0	
9	0	0	0	0	510	510	353	522	39	0	
10	0	0	0	0	524	507	353	508	39	0	
11	0	0	0	0	511	510	353	519	39	0	
12	0	0	0	0	515	508	353	504	39	0	
13	0	0	0	0	514	506	353	513	39	0	
14	0	0	0	0	516	507	353	497	39	0	
15	0	0	0	0	513	507	353	508	39	0	
0	0	0	0	0	517	509	353	497	39	0	
1	0	0	0	0	512	510	353	523	39	0	
2	0	0	0	0	518	508	353	507	39	0	
3	0	0	0	0	513	508	353	518	39	0	
4	0	0	0	0	515	507	353	506	39	0	
5	0	0	0	0	508	506	353	514	39	0	
6	0	0	0	0	518	508	354	506	39	0	
7	0	0	0	0	515	511	353	517	39	0	
8	0	0	0	0	517	507	354	497	39	0	
9	0	0	0	0	507	508	354	514	39	0	
10	0	0	0	0	520	507	354	499	39	0	
11	0	0	0	0	507	506	354	518	39	0	
12	0	0	0	0	516	507	354	501	39	0	
13	0	0	0	0	505	508	354	519	39	0	
14	0	0	0	0	513	509	354	508	39	0	
15	0	0	0	0	510	509	354	522	39	0	
0	0	0	0	0	516	507	355	500	39	0	
1	0	0	0	0	515	512	354	517	39	0	
2	0	0	0	0	515	509	355	508	39	0	
3	0	0	0	0	507	508	354	512	39	0	
4	0	0	0	0	519	509	355	504	39	0	
5	0	0	0	0	518	508	355	512	39	0	
6	0	0	0	0	515	508	355	497	39	0	
7	0	0	0	0	501	510	355	516	39	0	
8	0	0	0	0	515	507	355	499	39	0	
9	0	0	0	0	511	510	355	507	39	0	
10	0	0	0	0	515	507	355	501	39	0	
11	0	0	0	0	508	510	355	522	39	0	
12	0	0	0	0	516	509	355	505	39	0	
13	0	0	0	0	518	513	355	508	39	0	
14	0	0	0	0	523	508	355	510	39	0	
15	0	0	0	0	508	509	355	517	39	0	
0	0	0	0	0	519	508	356	500	39	0	
1	0	0	0	0	513	508	355	521	39	0	
2	0	0	0	0	516	507	355	505	39	0	
3	0	0	0	0	514	508	355	516	39	0	
4	0	0	0	0	516	507	356	507	39	0	
5	0	0	0	0	514	511	356	512	39	0	
6	0	0	0	0	518	505	356	504	39	0	
7	0	0	0	0	514	511	356	527	39	0	
8	0	0	0	0	514	507	356	508	39	0	
9	0	0	0	0	512	509	356	513	39	0	
10	0	0	0	0	506	509	356	499	39	0	
11	0	0	0	0	513	509	356	514	39	0	
12	0	0	0	0	520	510	356	510	39	0	
13	0	0	0	0	510	510	356	516	39	0	
14	0	0	0	0	517	510	356	504	39	0	
15	0	0	0	0	515	507	356	514	39	0	
0	0	0	0	0	511	508	357	505	39	0	
1	0	0	0	0	508	508	356	520	39	0	
2	0	0	0	0	513	509	357	505	39	0	
3	0	0	0	0	515	511	357	518	39	0	
4	0	0	0	0	522	509	357	519	39	0	
5	0	0	0	0	508	508	357	511	39	0	
6	0	0	0	0	512	509	357	500	39	0	
7	0	0	0	0	507	509	357	519	39	0	
8	0	0	0	0	516	510	357	496	39	0	
9	0	0	0	0	509	511	357	514	39	0	
10	0	0	0	0	519	511	357	502	39	0	
11	0	0	0	0	509	508	357	519	39	0	
12	0	0	0	0	514	508	358	500	39	0	
13	0	0	0	0	507	508	357	519	39	0	
14	0	0	0	0	515	509	358	508	39	0	
15	0	0	0	0	514	508	358	514	39	0	
0	0	0	0	0	524	508	358	504	39	0	
1	0	0	0	0	509	507	358	514	39	0	
2	0	0	0	0	515	507	358	507	39	0	
3	0	0	0	0	516	505	358	513	39	0	
4	0	0	0	0	518	510	358	505	39	0	
5	0	0	0	0	515	508	358	523	39	0	
6	0	0	0	0	515	508	358	500	39	0	
7	0	0	0	0	506	507	358	511	39	0	
8	0	0	0	0	516	508	358	502	39	0	
9	0	0	0	0	514	507	358	510	39	0	
10	0	0	0	0	515	508	358	497	39	0	
11	0	0	0	0	512	507	358	514	39	0	
12	0	0	0	0	520	511	358	499	39	0	
13	0	0	0	0	512	508	358	510	39	0	
14	0	0	0	0	526	507	358	510	39	0	
15	0	0	0	0	507	509	358	517	39	0	
0	0	0	0	0	510	509	359	516	39	0	
1	0	0	0	0	516	512	358	519	39	0	
2	0	0	0	0	515	509	359	498	39	0	
3	0	0	0	0	513	508	359	521	39	0	
4	0	0	0	0	514	511	359	510	39	0	
5	0	0	0	0	507	508	359	510	39	0	
6	0	0	0	0	522	510	359	507	39	0	
7	0	0	0	0	510	507	359	509	39	0	
8	0	0	0	0	523	509	359	508	39	0	
9	0	0	0	0	502	507	359	510	39	0	
10	0	0	0	0	515	507	359	512	39	0	
11	0	0	0	0	514	508	359	520	39	0	
12	0	0	0	0	516	508	359	505	39	0	
13	0	0	0	0	510	510	359	516	39	0	
14	0	0	0	0	514	509	359	504	39	0	
15	0	0	0	0	508	507	359	515	39	0	
0	0	0	0	0	510	506	359	500	39	0	
1	0	0	0	0	510	509	359	513	39	0	
2	0	0	0	0	518	508	359	508	39	0	
3	0	0	0	0	510	509	359	526	39	0	
4	0	0	0	0	519	507	359	507	39	0	
5	0	0	0	0	516	509	359	513	39	0	
6	0	0	0	0	513	508	359	500	39	0	
7	0	0	0	0	513	508	359	511	39	0	
8	0	0	0	0	515	505	359	516	39	0	
9	0	0	0	0	509	509	359	512	39	0	
10	0	0	0	0	510	508	359	508	39	0	
11	0	0	0	0	518	508	359	515	39	0	
12	0	0	0	0	515	510	359	504	39	0	
13	0	0	0	0	516	511	359	513	39	0	
14	0	0	0	0	516	510	359	501	39	0	
15	0	0	0	0	514	510	359	507	39	0	
0	0	0	0	0	518	510	359	509	39	0	
1	0	0	0	0	506	508	359	507	39	0	
2	0	0	0	0	514	511	359	507	39	0	
3	0	0	0	0	510	507	359	513	39	0	
4	0	0	0	0	518	510	360	500	39	0	
5	0	0	0	0	510	508	359	506	39	0	
6	0	0	0	0	515	510	359	506	39	0	
7	0	0	0	0	509	509	359	517	39	0	
8	0	0	0	0	517	510	360	505	39	0	
9	0	0	0	0	508	506	359	509	39	0	
10	0	0	0	0	521	508	359	511	39	0	
11	0	0	0	0	503	509	359	513	39	0	
12	0	0	0	0	516	509	360	510	39	0	
13	0	0	0	0	510	507	359	507	39	0	
14	0	0	0	0	516	508	360	510	39	0	
15	0	0	0	0	510	505	359	511	39	0	
0	0	0	0	0	519	509	360	508	39	0	
1	0	0	0	0	514	508	359	504	39	0	
2	0	0	0	0	517	505	360	500	39	0	
3	0	0	0	0	505	508	359	513	39	0	
4	0	0	0	0	520	508	360	512	39	0	
5	0	0	0	0	509	511	360	515	39	0	
6	0	0	0	0	514	507	360	503	39	0	
7	0	0	0	0	508	510	360	511	39	0	
8	0	0	0	0	515	509	360	502	39	0	
9	0	0	0	0	517	509	360	512	39	0	
10	0	0	0	0	518	505	360	505	39	0	
11	0	0	0	0	512	511	360	514	39	0	
12	0	0	0	0	517	508	360	522	39	0	
13	0	0	0	0	510	508	360	512	39	0	
14	0	0	0	0	511	511	360	507	39	0	
15	0	0	0	0	504	512	360	508	39	0	
0	0	0	0	0	516	510	360	499	39	0	
1	0	0	0	0	508	507	360	505	39	0	
2	0	0	0	0	513	508	360	515	39	0	
3	0	0	0	0	508	509	360	519	39	0	
4	0	0	0	0	517	507	360	500	39	0	
5	0	0	0	0	514	505	360	511	39	0	
6	0	0	0	0	515	507	360	524	39	0	
7	0	0	0	0	512	507	360	516	39	0	
8	0	0	0	0	519	511	360	510	39	0	
9	0	0	0	0	512	509	360	513	39	0	
10	0	0	0	0	522	507	360	509	39	0	
11	0	0	0	0	507	507	360	512	39	0	
12	0	0	0	0	517	509	360	510	39	0	
13	0	0	0	0	514	509	360	508	39	0	
14	0	0	0	0	517	510	360	506	39	0	
15	0	0	0	0	506	508	360	511	39	0	
0	0	0	0	0	525	510	360	516	39	0	
1	0	0	0	0	507	509	360	515	39	0	
2	0	0	0	0	520	508	360	509	39	0	
3	0	0	0	0	509	509	360	508	39	0	
4	0	0	0	0	515	508	360	500	39	0	
5	0	0	0	0	510	506	360	506	39	0	
6	0	0	0	0	513	513	360	505	39	0	
7	0	0	0	0	511	508	360	510	39	0	
8	0	0	0	0	516	509	360	509	39	0	
9	0	0	0	0	509	507	360	502	39	0	
10	0	0	0	0	517	508	360	504	39	0	
11	0	0	0	0	513	507	360	509	39	0	
12	0	0	0	0	517	509	360	511	39	0	
13	0	0	0	0	509	509	360	511	39	0	
14	0	0	0	0	523	509	360	506	39	0	
15	0	0	0	0	506	509	360	513	39	0	
0	0	0	0	0	520	510	360	512	39	0	
1	0	0	0	0	510	507	360	510	39	0	
2	0	0	0	0	519	506	360	511	39	0	
3	0	0	0	0	516	507	360	510	39	0	
4	0	0	0	0	518	509	360	517	39	0	
5	0	0	0	0	511	507	360	504	39	0	
6	0	0	0	0	517	510	360	508	39	0	
7	0	0	0	0	508	510	360	508	39	0	
8	0	0	0	0	524	510	360	514	39	0	
9	0	0	0	0	514	506	360	506	39	0	
10	0	0	0	0	521	507	360	514	39	0	
11	0	0	0	0	510	507	360	504	39	0	
12	0	0	0	0	513	508	360	508	39	0	
13	0	0	0	0	507	508	360	510	39	0	
14	0	0	0	0	511	508	360	507	39	0	
15	0	0	0	0	508	507	360	516	39	0	
0	0	0	0	0	519	508	360	516	39	0	
1	0	0	0	0	512	508	360	510	39	0	
2	0	0	0	0	516	510	360	504	39	0	
3	0	0	0	0	510	506	360	503	39	0	
4	0	0	0	0	519	508	360	520	39	0	
5	0	0	0	0	510	508	359	508	39	0	
6	0	0	0	0	520	508	360	505	39	0	
7	0	0	0	0	509	508	359	504	39	0	
8	0	0	0	0	515	510	360	508	39	0	
9	0	0	0	0	512	507	359	508	39	0	
10	0	0	0	0	518	509	360	511	39	0	
11	0	0	0	0	511	508	359	508	39	0	
12	0	0	0	0	515	511	360	508	39	0	
13	0	0	0	0	512	511	359	509	39	0	
14	0	0	0	0	519	509	360	511	39	0	
15	0	0	0	0	510	508	359	508	39	0	
0	0	0	0	0	519	509	360	508	39	0	
1	0	0	0	0	514	507	359	512	39	0	
2	0	0	0	0	509	510	359	511	39	0	
3	0	0	0	0	513	507	359	503	39	0	
4	0	0	0	0	517	509	360	510	39	0	
5	0	0	0	0	505	509	359	503	39	0	
6	0	0	0	0	518	508	359	513	39	0	
7	0	0	0	0	512	510	359	516	39	0	
8	0	0	0	0	515	511	359	512	39	0	
9	0	0	0	0	508	508	359	508	39	0	
10	0	0	0	0	518	509	359	514	39	0	
11	0	0	0	0	512	507	359	510	39	0	
12	0	0	0	0	516	509	359	513	39	0	
13	0	0	0	0	513	504	359	514	39	0	
14	0	0	0	0	516	508	359	511	39	0	
15	0	0	0	0	509	509	359	511	39	0	
0	0	0	0	0	520	511	359	513	39	0	
1	0	0	0	0	511	509	359	514	39	0	
2	0	0	0	0	515	508	359	506	39	0	
3	0	0	0	0	511	512	359	511	39	0	
4	0	0	0	0	520	510	359	510	39	0	
5	0	0	0	0	515	508	359	504	39	0	
6	0	0	0	0	518	508	359	507	39	0	
7	0	0	0	0	509	507	359	499	39	0	
8	0	0	0	0	519	511	359	505	39	0	
9	0	0	0	0	512	510	359	503	39	0	
10	0	0	0	0	516	508	359	511	39	0	
11	0	0	0	0	517	510	359	504	39	0	
12	0	0	0	0	516	510	359	514	39	0	
13	0	0	0	0	511	506	359	512	39	0	
14	0	0	0	0	517	508	359	518	39	0	
15	0	0	0	0	509	508	359	512	39	0	
0	0	0	0	0	519	507	359	511	39	0	
1	0	0	0	0	512	507	359	507	39	0	
2	0	0	0	0	520	508	359	508	39	0	
3	0	0	0	0	513	509	359	513	39	0	
4	0	0	0	0	514	510	359	511	39	0	
5	0	0	0	0	514	508	359	508	39	0	
6	0	0	0	0	516	508	359	513	39	0	
7	0	0	0	0	515	508	359	505	39	0	
8	0	0	0	0	514	512	359	518	39	0	
9	0	0	0	0	512	508	359	508	39	0	
10	0	0	0	0	518	508	359	521	39	0	
11	0	0	0	0	513	506	359	506	39	0	
12	0	0	0	0	513	510	359	514	39	0	
13	0	0	0	0	513	509	359	508	39	0	
14	0	0	0	0	521	510	359	515	39	0	
15	0	0	0	0	508	510	359	507	39	0	
0	0	0	0	0	521	508	359	511	39	0	
1	0	0	0	0	517	508	359	505	39	0	
2	0	0	0	0	521	508	358	513	39	0	
3	0	0	0	0	510	506	358	509	39	0	
4	0	0	0	0	513	510	359	517	39	0	
5	0	0	0	0	510	508	358	511	39	0	
6	0	0	0	0	523	510	358	516	39	0	
7	0	0	0	0	505	506	358	500	39	0	
8	0	0	0	0	522	508	358	518	39	0	
9	0	0	0	0	509	508	358	499	39	0	
10	0	0	0	0	515	509	358	510	39	0	
11	0	0	0	0	515	508	358	510	39	0	
12	0	0	0	0	511	510	358	513	39	0	
13	0	0	0	0	508	509	358	503	39	0	
14	0	0	0	0	521	513	358	513	39	0	
15	0	0	0	0	510	509	358	506	39	0	
0	0	0	0	0	518	510	358	510	39	0	
1	0	0	0	0	515	511	358	506	39	0	
2	0	0	0	0	511	511	358	511	39	0	
3	0	0	0	0	512	507	358	507	39	0	
4	0	0	0	0	506	507	358	515	39	0	
5	0	0	0	0	508	507	358	506	39	0	
6	0	0	0	0	512	506	358	520	39	0	
7	0	0	0	0	508	506	358	501	39	0	
8	0	0	0	0	511	507	358	513	39	0	
9	0	0	0	0	508	508	358	501	39	0	
10	0	0	0	0	517	508	358	507	39	0	
11	0	0	0	0	509	506	358	499	39	0	
12	0	0	0	0	519	510	358	507	39	0	
13	0	0	0	0	511	507	358	511	39	0	
14	0	0	0	0	517	506	357	515	39	0	
15	0	0	0	0	514	508	357	499	39	0	
0	0	0	0	0	518	508	358	513	39	0	
1	0	0	0	0	510	508	357	515	39	0	
2	0	0	0	0	515	510	357	515	39	0	
3	0	0	0	0	506	507	357	499	39	0	
4	0	0	0	0	517	510	357	524	39	0	
5	0	0	0	0	508	507	357	509	39	0	
6	0	0	0	0	521	508	357	509	39	0	
7	0	0	0	0	508	507	357	497	39	0	
8	0	0	0	0	517	509	357	520	39	0	
9	0	0	0	0	518	507	357	504	39	0	
10	0	0	0	0	517	510	357	519	39	0	
11	0	0	0	0	517	509	357	508	39	0	
12	0	0	0	0	515	508	357	515	39	0	
13	0	0	0	0	506	507	357	510	39	0	
14	0	0	0	0	516	508	357	516	39	0	
15	0	0	0	0	518	505	357	508	39	0	
0	0	0	0	0	515	509	357	510	39	0	
1	0	0	0	0	510	510	356	501	39	0	
2	0	0	0	0	514	513	356	515	39	0	
3	0	0	0	0	511	508	356	503	39	0	
4	0	0	0	0	513	510	356	509	39	0	
5	0	0	0	0	517	509	356	497	39	0	
6	0	0	0	0	515	510	356	517	39	0	
7	0	0	0	0	513	507	356	506	39	0	
8	0	0	0	0	525	507	356	512	39	0	
9	0	0	0	0	511	508	356	495	39	0	
10	0	0	0	0	517	507	356	515	39	0	
11	0	0	0	0	514	506	356	511	39	0	
12	0	0	0	0	513	508	356	510	39	0	
13	0	0	0	0	512	506	356	508	39	0	
14	0	0	0	0	517	510	356	516	39	0	
15	0	0	0	0	515	510	356	506	39	0	
0	0	0	0	0	516	509	356	512	39	0	
1	0	0	0	0	513	509	356	501	39	0	
2	0	0	0	0	513	506	356	510	39	0	
3	0	0	0	0	508	511	356	504	39	0	
4	0	0	0	0	513	510	356	517	39	0	
5	0	0	0	0	516	507	355	515	39	0	
6	0	0	0	0	508	509	355	515	39	0	
7	0	0	0	0	506	507	355	504	39	0	
8	0	0	0	0	517	510	355	512	39	0	
9	0	0	0	0	515	509	355	501	39	0	
10	0	0	0	0	517	511	355	521	39	0	
11	0	0	0	0	512	505	355	494	39	0	
12	0	0	0	0	518	510	355	516	39	0	
13	0	0	0	0	507	507	355	509	39	0	
14	0	0	0	0	515	508	355	515	39	0	
15	0	0	0	0	512	509	355	502	39	0	
0	0	0	0	0	512	509	355	518	39	0	
1	0	0	0	0	513	509	355	507	39	0	
2	0	0	0	0	516	509	355	524	39	0	
3	0	0	0	0	509	507	355	507	39	0	
4	0	0	0	0	515	511	355	518	39	0	
5	0	0	0	0	513	508	355	508	39	0	
6	0	0	0	0	520	512	355	529	39	0	
7	0	0	0	0	515	509	355	502	39	0	
8	0	0	0	0	512	509	355	512	39	0	
9	0	0	0	0	512	507	355	510	39	0	
10	0	0	0	0	510	509	355	519	39	0	
11	0	0	0	0	509	510	355	500	39	0	
12	0	0	0	0	513	511	355	515	39	0	
13	0	0	0	0	518	508	355	499	39	0	
14	0	0	0	0	514	508	354	521	39	0	
15	0	0	0	0	515	511	354	506	39	0	
0	0	0	0	0	516	508	354	521	39	0	
1	0	0	0	0	520	504	354	498	39	0	
2	0	0	0	0	519	508	354	532	39	0	
3	0	0	0	0	512	510	354	501	39	0	
4	0	0	0	0	517	510	354	508	39	0	
5	0	0	0	0	510	507	354	504	39	0	
6	0	0	0	0	515	509	354	513	39	0	
7	0	0	0	0	514	506	354	502	39	0	
8	0	0	0	0	513	510	354	518	39	0	
9	0	0	0	0	518	510	354	504	39	0	
10	0	0	0	0	520	510	354	524	39	0	
11	0	0	0	0	508	510	354	499	39	0	
12	0	0	0	0	516	511	354	514	39	0	
13	0	0	0	0	510	507	354	499	39	0	
14	0	0	0	0	515	509	354	524	39	0	
15	0	0	0	0	515	507	354	503	39	0	
0	0	0	0	0	517	510	354	517	39	0	
1	0	0	0	0	514	505	353	503	39	0	
2	0	0	0	0	505	509	353	520	39	0	
3	0	0	0	0	514	509	353	507	39	0	
4	0	0	0	0	524	505	353	513	39	0	
5	0	0	0	0	512	506	353	496	39	0	
6	0	0	0	0	517	511	353	523	39	0	
7	0	0	0	0	510	510	353	499	39	0	
8	0	0	0	0	516	508	353	522	39	0	
9	0	0	0	0	513	509	353	489	39	0	
10	0	0	0	0	522	512	353	514	39	0	
11	0	0	0	0	512	508	353	499	39	0	
12	0	0	0	0	519	511	353	517	39	0	
13	0	0	0	0	517	508	353	494	39	0	
14	0	0	0	0	519	511	353	517	39	0	
15	0	0	0	0	512	507	353	504	39	0	
0	0	0	0	0	517	508	353	524	39	0	
1	0	0	0	0	514	506	353	495	39	0	
2	0	0	0	0	514	511	353	518	39	0	
3	0	0	0	0	513	508	353	501	39	0	
4	0	0	0	0	513	513	353	521	39	0	
5	0	0	0	0	513	507	352	499	39	0	
6	0	0	0	0	523	508	352	513	39	0	
7	0	0	0	0	510	507	352	504	39	0	
8	0	0	0	0	515	512	352	526	39	0	
9	0	0	0	0	511	508	352	501	39	0	
10	0	0	0	0	511	510	352	522	39	0	
11	0	0	0	0	512	505	352	496	39	0	
12	0	0	0	0	509	512	352	518	39	0	
13	0	0	0	0	516	508	352	500	39	0	
14	0	0	0	0	509	511	352	524	39	0	
15	0	0	0	0	515	508	352	504	39	0	
0	0	0	0	0	517	513	352	533	39	0	
1	0	0	0	0	514	508	352	503	39	0	
2	0	0	0	0	516	508	352	512	39	0	
3	0	0	0	0	512	504	352	489	39	0	
4	0	0	0	0	517	508	352	522	39	0	
5	0	0	0	0	518	507	352	496	39	0	
6	0	0	0	0	510	509	352	521	39	0	
7	0	0	0	0	517	504	352	501	39	0	
8	0	0	0	0	509	508	352	521	39	0	
9	0	0	0	0	514	503	352	496	39	0	
10	0	0	0	0	518	511	352	523	39	0	
11	0	0	0	0	515	506	352	495	39	0	
12	0	0	0	0	522	510	352	536	39	0	
13	0	0	0	0	515	508	352	503	39	0	
14	0	0	0	0	521	508	352	518	39	0	
15	0	0	0	0	517	510	352	497	39	0	
0	0	0	0	0	511	508	352	530	39	0	
1	0	0	0	0	513	506	352	501	39	0	
2	0	0	0	0	517	508	351	521	39	0	
3	0	0	0	0	513	505	351	502	39	0	
4	0	0	0	0	512	510	352	523	39	0	
5	0	0	0	0	515	506	351	491	39	0	
6	0	0	0	0	513	509	351	520	39	0	
7	0	0	0	0	510	508	351	496	39	0	
8	0	0	0	0	510	509	351	517	39	0	
9	0	0	0	0	510	510	351	493	39	0	
10	0	0	0	0	515	509	351	511	39	0	
11	0	0	0	0	512	509	351	493	39	0	
12	0	0	0	0	519	511	351	524	39	0	
13	0	0	0	0	511	509	351	497	39	0	
14	0	0	0	0	517	510	351	516	39	0	
15	0	0	0	0	516	504	351	497	39	0	
0	0	0	0	0	517	511	351	519	39	0	
1	0	0	0	0	516	505	351	492	39	0	
2	0	0	0	0	515	512	351	522	39	0	
3	0	0	0	0	516	506	351	494	39	0	
4	0	0	0	0	510	508	351	537	39	0	
5	0	0	0	0	517	505	351	495	39	0	
6	0	0	0	0	508	509	350	520	39	0	
7	0	0	0	0	522	508	350	499	39	0	
8	0	0	0	0	510	509	350	532	39	0	
9	0	0	0	0	518	507	350	499	39	0	
10	0	0	0	0	517	513	350	519	39	0	
11	0	0	0	0	516	511	350	499	39	0	
12	0	0	0	0	519	510	350	518	39	0	
13	0	0	0	0	513	505	350	501	39	0	
14	0	0	0	0	514	510	350	529	39	0	
15	0	0	0	0	519	504	350	499	39	0	
0	0	0	0	0	506	508	350	525	39	0	
1	0	0	0	0	516	506	350	498	39	0	
2	0	0	0	0	511	511	350	528	39	0	
3	0	0	0	0	516	505	350	496	39	0	
4	0	0	0	0	514	512	350	520	39	0	
5	0	0	0	0	512	508	350	494	39	0	
6	0	0	0	0	511	510	349	531	39	0	
7	0	0	0	0	514	507	350	502	39	0	
8	0	0	0	0	514	509	349	521	39	0	
9	0	0	0	0	519	508	350	489	39	0	
10	0	0	0	0	512	507	349	528	39	0	
11	0	0	0	0	510	504	349	493	39	0	
12	0	0	0	0	513	510	349	525	39	0	
13	0	0	0	0	515	508	349	497	39	0	
14	0	0	0	0	514	512	349	529	39	0	
15	0	0	0	0	523	507	349	499	39	0	
0	0	0	0	0	515	511	349	523	39	0	
1	0	0	0	0	512	508	349	497	39	0	
2	0	0	0	0	516	509	349	517	39	0	
3	0	0	0	0	512	508	349	491	39	0	
4	0	0	0	0	516	507	349	524	39	0	
5	0	0	0	0	508	510	349	505	39	0	
6	0	0	0	0	516	508	349	525	39	0	
7	0	0	0	0	511	505	349	500	39	0	
8	0	0	0	0	506	511	349	531	39	0	
9	0	0	0	0	515	509	349	503	39	0	
10	0	0	0	0	514	509	348	521	39	0	
11	0	0	0	0	509	506	348	497	39	0	
12	0	0	0	0	514	508	348	523	39	0	
13	0	0	0	0	513	505	348	497	39	0	
14	0	0	0	0	513	508	348	507	39	0	
15	0	0	0	0	515	508	348	495	39	0	
0	0	0	0	0	518	510	348	534	39	0	
1	0	0	0	0	512	507	348	493	39	0	
2	0	0	0	0	515	510	348	520	39	0	
3	0	0	0	0	511	508	348	494	39	0	
4	0	0	0	0	517	509	348	535	39	0	
5	0	0	0	0	516	510	348	492	39	0	
6	0	0	0	0	512	510	348	525	39	0	
7	0	0	0	0	522	505	348	495	39	0	
8	0	0	0	0	511	505	348	523	39	0	
9	0	0	0	0	522	510	348	496	39	0	
10	0	0	0	0	509	513	348	528	39	0	
11	0	0	0	0	516	504	348	494	39	0	
12	0	0	0	0	515	510	348	531	39	0	
13	0	0	0	0	521	507	348	492	39	0	
14	0	0	0	0	513	510	347	527	39	0	
15	0	0	0	0	517	505	348	494	39	0	
0	0	0	0	0	515	511	347	528	39	0	
1	0	0	0	0	514	508	347	503	39	0	
2	0	0	0	0	518	509	347	525	39	0	
3	0	0	0	0	510	506	347	488	39	0	
4	0	0	0	0	516	511	347	523	39	0	
5	0	0	0	0	519	505	347	496	39	0	
6	0	0	0	0	518	509	347	524	39	0	
7	0	0	0	0	511	507	347	493	39	0	
8	0	0	0	0	510	511	347	531	39	0	
9	0	0	0	0	519	505	347	492	39	0	
10	0	0	0	0	508	513	347	521	39	0	
11	0	0	0	0	516	505	347	498	39	0	
12	0	0	0	0	512	511	347	521	39	0	
13	0	0	0	0	513	507	347	490	39	0	
14	0	0	0	0	514	509	347	527	39	0	
15	0	0	0	0	513	509	347	501	39	0	
0	0	0	0	0	518	507	347	525	39	0	
1	0	0	0	0	513	507	347	494	39	0	
2	0	0	0	0	516	510	346	522	39	0	
3	0	0	0	0	514	508	347	490	39	0	
4	0	0	0	0	513	511	346	533	39	0	
5	0	0	0	0	512	510	346	498	39	0	
6	0	0	0	0	517	512	346	523	39	0	
7	0	0	0	0	511	507	346	494	39	0	
8	0	0	0	0	516	510	346	532	39	0	
9	0	0	0	0	511	504	346	494	39	0	
10	0	0	0	0	514	510	346	531	39	0	
11	0	0	0	0	515	508	346	495	39	0	
12	0	0	0	0	515	510	346	526	39	0	
13	0	0	0	0	513	506	346	496	39	0	
14	0	0	0	0	516	512	346	537	39	0	
15	0	0	0	0	510	507	346	490	39	0	
0	0	0	0	0	512	509	346	527	39	0	
1	0	0	0	0	516	507	346	489	39	0	
2	0	0	0	0	515	509	346	524	39	0	
3	0	0	0	0	517	507	346	499	39	0	
4	0	0	0	0	515	511	346	529	39	0	
5	0	0	0	0	515	505	346	499	39	0	
6	0	0	0	0	511	508	346	524	39	0	
7	0	0	0	0	515	506	346	492	39	0	
8	0	0	0	0	511	509	346	527	39	0	
9	0	0	0	0	513	509	346	496	39	0	
10	0	0	0	0	518	506	345	531	39	0	
11	0	0	0	0	516	506	345	495	39	0	
12	0	0	0	0	510	512	346	529	39	0	
13	0	0	0	0	514	506	345	488	39	0	
14	0	0	0	0	515	508	345	518	39	0	
15	0	0	0	0	513	507	346	494	39	0	
0	0	0	0	0	515	511	345	523	39	0	
1	0	0	0	0	510	508	345	496	39	0	
2	0	0	0	0	521	512	345	540	39	0	
3	0	0	0	0	511	507	345	493	39	0	
4	0	0	0	0	508	509	345	525	39	0	
5	0	0	0	0	515	510	345	495	39	0	
6	0	0	0	0	512	510	345	523	39	0	
7	0	0	0	0	514	506	345	495	39	0	
8	0	0	0	0	513	513	345	536	39	0	
9	0	0	0	0	508	510	345	498	39	0	
10	0	0	0	0	511	511	345	527	39	0	
11	0	0	0	0	514	509	345	493	39	0	
12	0	0	0	0	512	510	345	527	39	0	
13	0	0	0	0	514	507	345	489	39	0	
14	0	0	0	0	513	511	345	523	39	0	
15	0	0	0	0	510	504	345	501	39	0	
0	0	0	0	0	508	509	344	527	39	0	
1	0	0	0	0	515	504	344	495	39	0	
2	0	0	0	0	511	511	344	533	39	0	
3	0	0	0	0	516	507	344	494	39	0	
4	0	0	0	0	512	511	344	527	39	0	
5	0	0	0	0	517	508	344	501	39	0	
6	0	0	0	0	506	506	344	529	39	0	
7	0	0	0	0	519	508	344	497	39	0	
8	0	0	0	0	516	509	344	527	39	0	
9	0	0	0	0	513	505	344	494	39	0	
10	0	0	0	0	513	509	344	522	39	0	
11	0	0	0	0	514	508	344	500	39	0	
12	0	0	0	0	515	510	344	526	39	0	
13	0	0	0	0	510	507	344	495	39	0	
14	0	0	0	0	513	509	344	526	39	0	
15	0	0	0	0	514	508	344	494	39	0	
0	0	0	0	0	515	511	344	518	39	0	
1	0	0	0	0	518	506	344	491	39	0	
2	0	0	0	0	507	512	344	523	39	0	
3	0	0	0	0	511	510	344	489	39	0	
4	0	0	0	0	515	512	344	520	39	0	
5	0	0	0	0	514	508	344	497	39	0	
6	0	0	0	0	512	514	344	527	39	0	
7	0	0	0	0	516	507	344	498	39	0	
8	0	0	0	0	506	507	344	531	39	0	
9	0	0	0	0	507	508	344	500	39	0	
10	0	0	0	0	511	511	343	534	39	0	
11	0	0	0	0	508	509	344	500	39	0	
12	0	0	0	0	516	510	344	527	39	0	
13	0	0	0	0	513	507	344	495	39	0	
14	0	0	0	0	516	511	343	524	39	0	
15	0	0	0	0	514	505	344	492	39	0	
0	0	0	0	0	512	508	343	521	39	0	
1	0	0	0	0	511	507	343	491	39	0	
2	0	0	0	0	515	509	343	538	39	0	
3	0	0	0	0	511	505	343	493	39	0	
4	0	0	0	0	514	511	343	533	39	0	
5	0	0	0	0	513	504	343	494	39	0	
6	0	0	0	0	512	511	343	527	39	0	
7	0	0	0	0	515	507	343	499	39	0	
8	0	0	0	0	515	508	343	531	39	0	
9	0	0	0	0	519	506	343	501	39	0	
10	0	0	0	0	515	510	343	520	39	0	
11	0	0	0	0	510	508	343	498	39	0	
12	0	0	0	0	512	508	343	532	39	0	
13	0	0	0	0	516	507	343	500	39	0	
14	0	0	0	0	516	510	343	522	39	0	
15	0	0	0	0	519	508	343	502	39	0	
0	0	0	0	0	508	511	343	526	39	0	
1	0	0	0	0	516	509	343	496	39	0	
2	0	0	0	0	512	509	343	526	39	0	
3	0	0	0	0	512	506	343	495	39	0	
4	0	0	0	0	517	507	343	525	39	0	
5	0	0	0	0	516	505	343	492	39	0	
6	0	0	0	0	511	509	343	530	39	0	
7	0	0	0	0	519	508	343	494	39	0	
8	0	0	0	0	515	508	343	536	39	0	
9	0	0	0	0	516	503	343	496	39	0	
10	0	0	0	0	516	507	342	526	39	0	
11	0	0	0	0	519	510	343	497	39	0	
12	0	0	0	0	512	513	342	532	39	0	
13	0	0	0	0	516	505	342	492	39	0	
14	0	0	0	0	509	511	342	525	39	0	
15	0	0	0	0	511	505	342	489	39	0	
0	0	0	0	0	515	510	342	531	39	0	
1	0	0	0	0	514	507	342	491	39	0	
2	0	0	0	0	513	510	342	526	39	0	
3	0	0	0	0	512	506	342	487	39	0	
4	0	0	0	0	514	510	342	522	39	0	
5	0	0	0	0	512	507	342	493	39	0	
6	0	0	0	0	507	511	342	523	39	0	
7	0	0	0	0	521	507	342	496	39	0	
8	0	0	0	0	514	509	342	525	39	0	
9	0	0	0	0	510	508	342	494	39	0	
10	0	0	0	0	514	511	342	532	39	0	
11	0	0	0	0	514	507	342	492	39	0	
12	0	0	0	0	512	513	342	524	39	0	
13	0	0	0	0	514	510	342	492	39	0	
14	0	0	0	0	508	512	342	534	39	0	
15	0	0	0	0	509	508	342	497	39	0	
0	0	0	0	0	511	508	342	533	39	0	
1	0	0	0	0	511	508	342	499	39	0	
2	0	0	0	0	516	511	342	527	39	0	
3	0	0	0	0	515	505	342	494	39	0	
4	0	0	0	0	513	510	342	533	39	0	
5	0	0	0	0	516	505	342	488	39	0	
6	0	0	0	0	515	509	342	535	39	0	
7	0	0	0	0	512	508	342	493	39	0	
8	0	0	0	0	504	511	342	525	39	0	
9	0	0	0	0	512	508	342	496	39	0	
10	0	0	0	0	515	512	341	529	39	0	
11	0	0	0	0	521	509	342	496	39	0	
12	0	0	0	0	514	511	342	529	39	0	
13	0	0	0	0	517	505	342	492	39	0	
14	0	0	0	0	514	506	341	528	39	0	
15	0	0	0	0	515	507	342	490	39	0	
0	0	0	0	0	504	510	341	534	39	0	
1	0	0	0	0	514	508	341	490	39	0	
2	0	0	0	0	515	511	341	526	39	0	
3	0	0	0	0	519	508	341	493	39	0	
4	0	0	0	0	510	511	341	520	39	0	
5	0	0	0	0	515	507	341	496	39	0	
6	0	0	0	0	511	510	341	532	39	0	
7	0	0	0	0	516	505	341	490	39	0	
8	0	0	0	0	507	510	341	529	39	0	
9	0	0	0	0	517	505	341	495	39	0	
10	0	0	0	0	510	511	341	540	39	0	
11	0	0	0	0	513	505	341	487	39	0	
12	0	0	0	0	506	509	341	521	39	0	
13	0	0	0	0	514	505	341	497	39	0	
14	0	0	0	0	509	512	341	527	39	0	
15	0	0	0	0	514	506	341	492	39	0	
0	0	0	0	0	513	511	341	538	39	0	
1	0	0	0	0	520	505	341	494	39	0	
2	0	0	0	0	511	509	341	532	39	0	
3	0	0	0	0	515	506	341	492	39	0	
4	0	0	0	0	518	510	341	532	39	0	
5	0	0	0	0	515	507	341	499	39	0	
6	0	0	0	0	511	509	340	529	39	0	
7	0	0	0	0	516	505	341	490	39	0	
8	0	0	0	0	510	510	341	529	39	0	
9	0	0	0	0	529	509	341	497	39	0	
10	0	0	0	0	516	513	340	530	39	0	
11	0	0	0	0	514	506	341	489	39	0	
12	0	0	0	0	512	514	340	530	39	0	
13	0	0	0	0	521	507	341	490	39	0	
14	0	0	0	0	507	510	340	534	39	0	
15	0	0	0	0	519	508	341	488	39	0	
0	0	0	0	0	508	510	340	535	39	0	
1	0	0	0	0	513	508	340	493	39	0	
2	0	0	0	0	510	511	340	522	39	0	
3	0	0	0	0	511	505	340	487	39	0	
4	0	0	0	0	510	510	340	534	39	0	
5	0	0	0	0	515	508	340	490	39	0	
6	0	0	0	0	512	509	340	537	39	0	
7	0	0	0	0	524	507	340	491	39	0	
8	0	0	0	0	512	509	340	531	39	0	
9	0	0	0	0	520	509	340	496	39	0	
10	0	0	0	0	505	514	340	534	39	0	
11	0	0	0	0	514	507	340	493	39	0	
12	0	0	0	0	507	509	340	528	39	0	
13	0	0	0	0	508	506	340	489	39	0	
14	0	0	0	0	511	512	340	530	39	0	
15	0	0	0	0	514	505	340	491	39	0	
0	0	0	0	0	513	510	340	526	39	0	
1	0	0	0	0	516	507	340	487	39	0	
2	0	0	0	0	514	512	340	540	39	0	
3	0	0	0	0	518	510	340	486	39	0	
4	0	0	0	0	510	510	340	531	39	0	
5	0	0	0	0	516	501	340	484	39	0	
6	0	0	0	0	512	509	340	534	39	0	
7	0	0	0	0	517	505	340	495	39	0	
8	0	0	0	0	512	512	340	545	39	0	
9	0	0	0	0	516	506	340	489	39	0	
10	0	0	0	0	508	511	340	542	39	0	
11	0	0	0	0	512	507	340	500	39	0	
12	0	0	0	0	511	509	340	531	39	0	
13	0	0	0	0	518	506	340	495	39	0	
14	0	0	0	0	511	511	340	533	39	0	
15	0	0	0	0	517	508	340	492	39	0	
0	0	0	0	0	515	511	340	535	39	0	
1	0	0	0	0	515	505	340	487	39	0	
2	0	0	0	0	508	510	339	530	39	0	
3	0	0	0	0	520	507	340	486	39	0	
4	0	0	0	0	512	510	340	538	39	0	
5	0	0	0	0	518	510	340	494	39	0	
6	0	0	0	0	510	509	339	539	39	0	
7	0	0	0	0	523	506	340	485	39	0	
8	0	0	0	0	506	512	339	528	39	0	
9	0	0	0	0	514	507	340	493	39	0	
10	0	0	0	0	510	514	339	524	39	0	
11	0	0	0	0	519	510	339	487	39	0	
12	0	0	0	0	510	507	339	531	39	0	
13	0	0	0	0	515	509	339	491	39	0	
14	0	0	0	0	505	511	339	529	39	0	
15	0	0	0	0	512	508	339	482	39	0	
0	0	0	0	0	509	510	339	523	39	0	
1	0	0	0	0	524	508	339	484	39	0	
2	0	0	0	0	506	505	339	535	39	0	
3	0	0	0	0	521	504	339	491	39	0	
4	0	0	0	0	511	508	339	535	39	0	
5	0	0	0	0	512	507	339	495	39	0	
6	0	0	0	0	516	508	339	535	39	0	
7	0	0	0	0	520	508	339	494	39	0	
8	0	0	0	0	513	511	339	536	39	0	
9	0	0	0	0	508	505	339	489	39	0	
10	0	0	0	0	511	511	339	536	39	0	
11	0	0	0	0	520	505	339	489	39	0	
12	0	0	0	0	516	509	339	526	39	0	
13	0	0	0	0	520	507	339	486	39	0	
14	0	0	0	0	507	510	339	531	39	0	
15	0	0	0	0	522	508	339	492	39	0	
0	0	0	0	0	511	510	339	527	39	0	
1	0	0	0	0	518	508	339	496	39	0	
2	0	0	0	0	512	511	339	533	39	0	
3	0	0	0	0	522	506	339	489	39	0	
4	0	0	0	0	512	512	339	526	39	0	
5	0	0	0	0	518	508	339	487	39	0	
6	0	0	0	0	512	509	339	528	39	0	
7	0	0	0	0	517	505	339	494	39	0	
8	0	0	0	0	509	509	339	532	39	0	
9	0	0	0	0	512	505	339	492	39	0	
10	0	0	0	0	505	510	339	527	39	0	
11	0	0	0	0	517	506	339	487	39	0	
12	0	0	0	0	510	511	339	534	39	0	
13	0	0	0	0	521	507	339	489	39	0	
14	0	0	0	0	511	509	339	539	39	0	
15	0	0	0	0	513	507	339	492	39	0	
0	0	0	0	0	510	512	339	530	39	0	
1	0	0	0	0	519	507	339	494	39	0	
2	0	0	0	0	518	511	338	536	39	0	
3	0	0	0	0	512	504	339	487	39	0	
4	0	0	0	0	505	508	339	536	39	0	
5	0	0	0	0	516	505	339	495	39	0	
6	0	0	0	0	508	510	338	531	39	0	
7	0	0	0	0	513	505	339	493	39	0	
8	0	0	0	0	512	510	338	525	39	0	
9	0	0	0	0	519	508	339	492	39	0	
10	0	0	0	0	514	510	338	539	39	0	
11	0	0	0	0	515	506	338	485	39	0	
12	0	0	0	0	512	507	338	541	39	0	
13	0	0	0	0	517	507	338	496	39	0	
14	0	0	0	0	513	512	338	531	39	0	
15	0	0	0	0	514	507	338	495	39	0	
0	0	0	0	0	510	514	338	525	39	0	
1	0	0	0	0	513	507	338	490	39	0	
2	0	0	0	0	512	511	338	530	39	0	
3	0	0	0	0	517	507	338	489	39	0	
4	0	0	0	0	512	509	338	534	39	0	
5	0	0	0	0	522	509	338	489	39	0	
6	0	0	0	0	513	509	338	529	39	0	
7	0	0	0	0	520	507	338	492	39	0	
8	0	0	0	0	509	511	338	527	39	0	
9	0	0	0	0	520	504	338	487	39	0	
10	0	0	0	0	505	508	338	531	39	0	
11	0	0	0	0	518	509	338	483	39	0	
12	0	0	0	0	512	513	338	527	39	0	
13	0	0	0	0	516	506	338	487	39	0	
14	0	0	0	0	516	509	338	529	39	0	
15	0	0	0	0	518	510	338	489	39	0	
0	0	0	0	0	515	513	338	528	39	0	
1	0	0	0	0	516	504	338	489	39	0	
2	0	0	0	0	510	510	338	551	39	0	
3	0	0	0	0	523	507	338	491	39	0	
4	0	0	0	0	509	512	338	534	39	0	
5	0	0	0	0	519	507	338	489	39	0	
6	0	0	0	0	507	510	338	532	39	0	
7	0	0	0	0	516	507	338	490	39	0	
8	0	0	0	0	515	510	338	529	39	0	
9	0	0	0	0	514	508	338	494	39	0	
10	0	0	0	0	512	511	337	534	39	0	
11	0	0	0	0	513	505	338	487	39	0	
12	0	0	0	0	509	512	338	533	39	0	
13	0	0	0	0	521	508	338	499	39	0	
14	0	0	0	0	509	509	337	540	39	0	
15	0	0	0	0	515	507	338	493	39	0	
0	0	0	0	0	506	513	337	528	39	0	
1	0	0	0	0	514	508	338	497	39	0	
2	0	0	0	0	508	508	337	525	39	0	
3	0	0	0	0	509	506	338	487	39	0	
4	0	0	0	0	520	511	337	523	39	0	
5	0	0	0	0	521	507	338	492	39	0	
6	0	0	0	0	511	510	337	534	39	0	
7	0	0	0	0	518	507	338	486	39	0	
8	0	0	0	0	503	511	337	531	39	0	
9	0	0	0	0	513	508	338	501	39	0	
10	0	0	0	0	513	511	337	538	39	0	
11	0	0	0	0	513	507	337	491	39	0	
12	0	0	0	0	509	513	337	534	39	0	
13	0	0	0	0	515	507	337	495	39	0	
14	0	0	0	0	510	510	337	530	39	0	
15	0	0	0	0	514	507	337	487	39	0	
0	0	0	0	0	508	510	337	534	39	0	
1	0	0	0	0	523	508	337	493	39	0	
2	0	0	0	0	515	510	337	536	39	0	
3	0	0	0	0	516	507	337	486	39	0	
4	0	0	0	0	511	511	337	527	39	0	
5	0	0	0	0	514	507	337	484	39	0	
6	0	0	0	0	512	510	337	535	39	0	
7	0	0	0	0	515	505	337	492	39	0	
8	0	0	0	0	516	510	337	524	39	0	
9	0	0	0	0	508	507	337	484	39	0	
10	0	0	0	0	511	511	337	531	39	0	
11	0	0	0	0	517	507	337	485	39	0	
12	0	0	0	0	508	507	337	533	39	0	
13	0	0	0	0	519	506	337	492	39	0	
14	0	0	0	0	511	509	337	534	39	0	
15	0	0	0	0	517	510	337	495	39	0	
0	0	0	0	0	512	511	337	544	39	0	
1	0	0	0	0	516	507	337	495	39	0	
2	0	0	0	0	514	510	337	532	39	0	
3	0	0	0	0	520	507	337	491	39	0	
4	0	0	0	0	507	512	337	527	39	0	
5	0	0	0	0	512	508	337	487	39	0	
6	0	0	0	0	518	510	337	524	39	0	
7	0	0	0	0	513	505	337	493	39	0	
8	0	0	0	0	513	508	337	536	39	0	
9	0	0	0	0	525	503	337	487	39	0	
10	0	0	0	0	511	511	337	532	39	0	
11	0	0	0	0	522	507	337	499	39	0	
12	0	0	0	0	508	511	337	538	39	0	
13	0	0	0	0	515	505	337	490	39	0	
14	0	0	0	0	509	513	337	534	39	0	
15	0	0	0	0	514	506	337	488	39	0	
0	0	0	0	0	509	511	337	543	39	0	
1	0	0	0	0	518	509	337	499	39	0	
2	0	0	0	0	507	513	337	523	39	0	
3	0	0	0	0	516	507	337	492	39	0	
4	0	0	0	0	510	512	337	539	39	0	
5	0	0	0	0	521	506	337	503	39	0	
6	0	0	0	0	509	508	337	539	39	0	
7	0	0	0	0	515	506	337	493	39	0	
8	0	0	0	0	517	514	337	534	39	0	
9	0	0	0	0	511	508	337	488	39	0	
10	0	0	0	0	505	512	337	531	39	0	
11	0	0	0	0	522	506	337	499	39	0	
12	0	0	0	0	509	511	337	528	39	0	
13	0	0	0	0	516	506	337	496	39	0	
14	0	0	0	0	505	512	337	527	39	0	
15	0	0	0	0	519	502	337	492	39	0	
0	0	0	0	0	515	510	337	521	39	0	
1	0	0	0	0	512	506	337	492	39	0	
2	0	0	0	0	511	509	337	532	39	0	
3	0	0	0	0	519	508	337	487	39	0	
4	0	0	0	0	507	510	337	546	39	0	
5	0	0	0	0	516	506	337	485	39	0	
6	0	0	0	0	510	511	337	531	39	0	
7	0	0	0	0	518	508	338	492	39	0	
8	0	0	0	0	516	511	337	531	39	0	
9	0	0	0	0	522	506	337	489	39	0	
10	0	0	0	0	505	509	337	531	39	0	
11	0	0	0	0	518	508	337	496	39	0	
12	0	0	0	0	505	514	337	524	39	0	
13	0	0	0	0	514	506	338	493	39	0	
14	0	0	0	0	508	511	337	528	39	0	
15	0	0	0	0	521	505	338	489	39	0	
0	0	0	0	0	508	508	337	523	39	0	
1	0	0	0	0	520	507	338	496	39	0	
2	0	0	0	0	513	512	337	540	39	0	
3	0	0	0	0	511	501	337	496	39	0	
4	0	0	0	0	515	508	337	532	39	0	
5	0	0	0	0	516	506	337	492	39	0	
6	0	0	0	0	506	509	337	536	39	0	
7	0	0	0	0	518	508	337	490	39	0	
8	0	0	0	0	509	508	337	516	39	0	
9	0	0	0	0	508	507	338	493	39	0	
10	0	0	0	0	511	511	337	525	39	0	
11	0	0	0	0	518	505	338	489	39	0	
12	0	0	0	0	511	512	337	538	39	0	
13	0	0	0	0	520	507	338	491	39	0	
14	0	0	0	0	511	509	337	526	39	0	
15	0	0	0	0	517	506	338	492	39	0	
0	0	0	0	0	511	510	337	537	39	0	
1	0	0	0	0	518	508	337	496	39	0	
2	0	0	0	0	510	511	337	535	39	0	
3	0	0	0	0	515	508	338	496	39	0	
4	0	0	0	0	513	510	337	523	39	0	
5	0	0	0	0	523	508	337	492	39	0	
6	0	0	0	0	512	512	337	537	39	0	
7	0	0	0	0	518	506	337	494	39	0	
8	0	0	0	0	507	508	337	526	39	0	
9	0	0	0	0	513	507	337	491	39	0	
10	0	0	0	0	514	514	337	542	39	0	
11	0	0	0	0	518	508	337	493	39	0	
12	0	0	0	0	503	509	337	534	39	0	
13	0	0	0	0	519	506	337	488	39	0	
14	0	0	0	0	513	507	337	539	39	0	
15	0	0	0	0	515	508	337	490	39	0	
0	0	0	0	0	513	512	337	536	39	0	
1	0	0	0	0	527	508	337	494	39	0	
2	0	0	0	0	516	512	337	538	39	0	
3	0	0	0	0	514	507	337	492	39	0	
4	0	0	0	0	516	511	337	526	39	0	
5	0	0	0	0	509	508	337	490	39	0	
6	0	0	0	0	500	511	337	531	39	0	
7	0	0	0	0	521	507	337	495	39	0	
8	0	0	0	0	505	506	337	535	39	0	
9	0	0	0	0	521	506	337	487	39	0	
10	0	0	0	0	512	510	337	533	39	0	
11	0	0	0	0	514	507	337	494	39	0	
12	0	0	0	0	511	512	337	535	39	0	
13	0	0	0	0	513	507	337	490	39	0	
14	0	0	0	0	514	509	337	529	39	0	
15	0	0	0	0	519	507	337	488	39	0	
0	0	0	0	0	512	509	337	533	39	0	
1	0	0	0	0	519	506	337	497	39	0	
2	0	0	0	0	513	510	337	525	39	0	
3	0	0	0	0	519	504	337	490	39	0	
4	0	0	0	0	516	508	337	535	39	0	
5	0	0	0	0	514	504	337	496	39	0	
6	0	0	0	0	514	510	337	524	39	0	
7	0	0	0	0	518	506	337	491	39	0	
8	0	0	0	0	508	508	337	538	39	0	
9	0	0	0	0	519	505	337	491	39	0	
10	0	0	0	0	510	508	337	532	39	0	
11	0	0	0	0	516	508	337	494	39	0	
12	0	0	0	0	510	510	337	533	39	0	
13	0	0	0	0	520	504	337	489	39	0	
14	0	0	0	0	511	506	337	524	39	0	
15	0	0	0	0	513	508	337	490	39	0	
0	0	0	0	0	511	510	337	523	39	0	
1	0	0	0	0	512	508	337	488	39	0	
2	0	0	0	0	511	510	337	527	39	0	
3	0	0	0	0	516	510	337	500	39	0	
4	0	0	0	0	520	509	337	528	39	0	
5	0	0	0	0	523	504	337	495	39	0	
6	0	0	0	0	508	512	337	536	39	0	
7	0	0	0	0	513	507	337	488	39	0	
8	0	0	0	0	509	514	337	531	39	0	
9	0	0	0	0	518	506	337	498	39	0	
10	0	0	0	0	507	512	337	530	39	0	
11	0	0	0	0	516	509	337	488	39	0	
12	0	0	0	0	516	509	337	527	39	0	
13	0	0	0	0	515	508	337	492	39	0	
14	0	0	0	0	514	510	337	530	39	0	
15	0	0	0	0	514	503	337	492	39	0	
0	0	0	0	0	515	510	337	532	39	0	
1	0	0	0	0	520	508	337	492	39	0	
2	0	0	0	0	518	507	337	529	39	0	
3	0	0	0	0	521	506	337	484	39	0	
4	0	0	0	0	507	509	337	526	39	0	
5	0	0	0	0	513	508	337	495	39	0	
6	0	0	0	0	513	511	337	528	39	0	
7	0	0	0	0	514	507	337	492	39	0	
8	0	0	0	0	511	511	337	530	39	0	
9	0	0	0	0	514	510	337	497	39	0	
10	0	0	0	0	515	511	337	530	39	0	
11	0	0	0	0	514	506	337	497	39	0	
12	0	0	0	0	503	508	337	533	39	0	
13	0	0	0	0	514	507	337	492	39	0	
14	0	0	0	0	507	508	337	527	39	0	
15	0	0	0	0	520	507	337	490	39	0	
0	0	0	0	0	498	510	337	534	39	0	
1	0	0	0	0	517	510	337	489	39	0	
2	0	0	0	0	512	508	337	532	39	0	
3	0	0	0	0	513	507	337	492	39	0	
4	0	0	0	0	506	510	337	514	39	0	
5	0	0	0	0	516	509	337	493	39	0	
6	0	0	0	0	504	513	337	533	39	0	
7	0	0	0	0	514	509	337	504	39	0	
8	0	0	0	0	511	510	337	534	39	0	
9	0	0	0	0	513	505	337	502	39	0	
10	0	0	0	0	511	511	337	528	39	0	
11	0	0	0	0	524	507	337	484	39	0	
12	0	0	0	0	510	508	337	532	39	0	
13	0	0	0	0	524	505	337	493	39	0	
14	0	0	0	0	510	511	337	537	39	0	
15	0	0	0	0	519	505	337	492	39	0	
0	0	0	0	0	515	512	337	525	39	0	
1	0	0	0	0	509	507	337	490	39	0	
2	0	0	0	0	510	512	337	529	39	0	
3	0	0	0	0	514	509	337	500	39	0	
4	0	0	0	0	510	513	337	525	39	0	
5	0	0	0	0	519	507	337	487	39	0	
6	0	0	0	0	513	509	337	533	39	0	
7	0	0	0	0	519	505	337	492	39	0	
8	0	0	0	0	508	508	337	532	39	0	
9	0	0	0	0	518	507	337	487	39	0	
10	0	0	0	0	513	513	337	525	39	0	
11	0	0	0	0	520	506	337	497	39	0	
12	0	0	0	0	513	512	337	529	39	0	
13	0	0	0	0	521	505	337	488	39	0	
14	0	0	0	0	510	510	337	525	39	0	
15	0	0	0	0	512	504	337	492	39	0	
0	0	0	0	0	512	506	337	527	39	0	
1	0	0	0	0	511	505	337	497	39	0	
2	0	0	0	0	510	508	337	531	39	0	
3	0	0	0	0	520	509	337	498	39	0	
4	0	0	0	0	508	513	337	521	39	0	
5	0	0	0	0	512	510	337	492	39	0	
6	0	0	0	0	508	513	337	522	39	0	
7	0	0	0	0	522	510	337	483	39	0	
8	0	0	0	0	506	509	337	523	39	0	
9	0	0	0	0	520	509	337	499	39	0	
10	0	0	0	0	507	509	337	523	39	0	
11	0	0	0	0	513	507	337	495	39	0	
12	0	0	0	0	504	506	337	529	39	0	
13	0	0	0	0	513	505	337	492	39	0	
14	0	0	0	0	511	510	337	531	39	0	
15	0	0	0	0	526	508	337	502	39	0	
0	0	0	0	0	505	507	337	529	39	0	
1	0	0	0	0	519	509	337	494	39	0	
2	0	0	0	0	505	511	337	529	39	0	
3	0	0	0	0	518	506	337	494	39	0	
4	0	0	0	0	514	510	337	534	39	0	
5	0	0	0	0	525	506	337	499	39	0	
6	0	0	0	0	514	506	337	534	39	0	
7	0	0	0	0	526	505	337	501	39	0	
8	0	0	0	0	512	510	337	531	39	0	
9	0	0	0	0	516	507	337	487	39	0	
10	0	0	0	0	507	508	336	532	39	0	
11	0	0	0	0	521	507	337	495	39	0	
12	0	0	0	0	506	509	337	527	39	0	
13	0	0	0	0	521	504	337	494	39	0	
14	0	0	0	0	509	511	336	532	39	0	
15	0	0	0	0	518	506	337	491	39	0	
0	0	0	0	0	502	512	337	528	39	0	
1	0	0	0	0	516	508	337	490	39	0	
2	0	0	0	0	512	508	336	535	39	0	
3	0	0	0	0	525	506	337	490	39	0	
4	0	0	0	0	504	508	337	526	39	0	
5	0	0	0	0	519	505	337	496	39	0	
6	0	0	0	0	504	510	336	523	39	0	
7	0	0	0	0	517	507	337	494	39	0	
8	0	0	0	0	511	511	336	530	39	0	
9	0	0	0	0	514	504	337	497	39	0	
10	0	0	0	0	502	511	336	524	39	0	
11	0	0	0	0	520	508	337	497	39	0	
12	0	0	0	0	514	512	336	530	39	0	
13	0	0	0	0	516	510	337	489	39	0	
14	0	0	0	0	507	511	336	526	39	0	
15	0	0	0	0	518	505	336	495	39	0	
0	0	0	0	0	507	507	336	527	39	0	
1	0	0	0	0	519	506	336	497	39	0	
2	0	0	0	0	509	508	336	533	39	0	
3	0	0	0	0	514	507	336	488	39	0	
4	0	0	0	0	509	509	336	516	39	0	
5	0	0	0	0	518	508	336	499	39	0	
6	0	0	0	0	507	509	336	533	39	0	
7	0	0	0	0	518	508	336	498	39	0	
8	0	0	0	0	518	511	336	519	39	0	
9	0	0	0	0	523	506	336	493	39	0	
10	0	0	0	0	513	512	336	523	39	0	
11	0	0	0	0	516	506	336	498	39	0	
12	0	0	0	0	512	510	336	529	39	0	
13	0	0	0	0	520	506	336	504	39	0	
14	0	0	0	0	515	508	336	528	39	0	
15	0	0	0	0	517	506	336	495	39	0	
0	0	0	0	0	511	509	336	524	39	0	
1	0	0	0	0	517	507	336	496	39	0	
2	0	0	0	0	510	511	336	526	39	0	
3	0	0	0	0	523	510	336	496	39	0	
4	0	0	0	0	512	509	336	524	39	0	
5	0	0	0	0	519	508	336	490	39	0	
6	0	0	0	0	508	510	336	526	39	0	
7	0	0	0	0	523	504	336	500	39	0	
8	0	0	0	0	504	510	336	533	39	0	
9	0	0	0	0	514	508	336	495	39	0	
10	0	0	0	0	513	508	336	520	39	0	
11	0	0	0	0	520	505	336	485	39	0	
12	0	0	0	0	510	509	336	527	39	0	
13	0	0	0	0	523	508	336	504	39	0	
14	0	0	0	0	511	509	336	528	39	0	
15	0	0	0	0	517	510	336	505	39	0	
0	0	0	0	0	507	511	336	520	39	0	
1	0	0	0	0	518	509	336	499	39	0	
2	0	0	0	0	503	511	336	529	39	0	
3	0	0	0	0	506	511	336	495	39	0	
4	0	0	0	0	506	508	336	536	39	0	
5	0	0	0	0	524	506	336	498	39	0	
6	0	0	0	0	509	508	336	526	39	0	
7	0	0	0	0	519	508	336	493	39	0	
8	0	0	0	0	509	508	336	524	39	0	
9	0	0	0	0	512	509	336	498	39	0	
10	0	0	0	0	511	510	336	528	39	0	
11	0	0	0	0	515	507	336	489	39	0	
12	0	0	0	0	508	507	336	529	39	0	
13	0	0	0	0	519	506	336	496	39	0	
14	0	0	0	0	512	509	336	518	39	0	
15	0	0	0	0	517	505	336	494	39	0	
0	0	0	0	0	506	509	336	531	39	0	
1	0	0	0	0	512	508	336	504	39	0	
2	0	0	0	0	509	511	335	526	39	0	
3	0	0	0	0	512	507	336	510	39	0	
4	0	0	0	0	503	508	336	530	39	0	
5	0	0	0	0	520	507	336	494	39	0	
6	0	0	0	0	513	507	335	517	39	0	
7	0	0	0	0	515	508	336	501	39	0	
8	0	0	0	0	508	506	336	524	39	0	
9	0	0	0	0	514	506	336	501	39	0	
10	0	0	0	0	508	510	335	520	39	0	
11	0	0	0	0	529	508	336	492	39	0	
12	0	0	0	0	505	512	335	527	39	0	
13	0	0	0	0	513	509	336	494	39	0	
14	0	0	0	0	514	507	335	527	39	0	
15	0	0	0	0	520	508	335	502	39	0	
0	0	0	0	0	509	508	335	517	39	0	
1	0	0	0	0	517	508	335	496	39	0	
2	0	0	0	0	510	510	335	524	39	0	
3	0	0	0	0	516	509	335	491	39	0	
4	0	0	0	0	505	511	335	522	39	0	
5	0	0	0	0	528	507	335	496	39	0	
6	0	0	0	0	508	508	335	520	39	0	
7	0	0	0	0	520	505	335	498	39	0	
8	0	0	0	0	512	508	335	526	39	0	
9	0	0	0	0	514	508	335	496	39	0	
10	0	0	0	0	504	508	335	525	39	0	
11	0	0	0	0	516	505	335	500	39	0	
12	0	0	0	0	512	507	335	518	39	0	
13	0	0	0	0	522	511	335	508	39	0	
14	0	0	0	0	507	510	335	531	39	0	
15	0	0	0	0	517	510	335	502	39	0	
0	0	0	0	0	510	508	335	527	39	0	
1	0	0	0	0	522	507	335	500	39	0	
2	0	0	0	0	513	510	335	521	39	0	
3	0	0	0	0	512	504	335	499	39	0	
4	0	0	0	0	504	510	335	524	39	0	
5	0	0	0	0	524	508	335	487	39	0	
6	0	0	0	0	511	510	335	521	39	0	
7	0	0	0	0	519	505	335	497	39	0	
8	0	0	0	0	510	510	335	521	39	0	
9	0	0	0	0	512	508	335	499	39	0	
10	0	0	0	0	507	509	335	522	39	0	
11	0	0	0	0	514	509	335	500	39	0	
12	0	0	0	0	513	509	335	521	39	0	
13	0	0	0	0	515	507	335	503	39	0	
14	0	0	0	0	507	510	335	524	39	0	
15	0	0	0	0	518	510	335	506	39	0	
0	0	0	0	0	506	509	335	521	39	0	
1	0	0	0	0	523	508	335	497	39	0	
2	0	0	0	0	508	511	335	519	39	0	
3	0	0	0	0	515	511	335	496	39	0	
4	0	0	0	0	509	511	335	515	39	0	
5	0	0	0	0	520	510	335	496	39	0	
6	0	0	0	0	511	508	335	527	39	0	
7	0	0	0	0	514	507	335	503	39	0	
8	0	0	0	0	508	509	335	523	39	0	
9	0	0	0	0	520	508	335	505	39	0	
10	0	0	0	0	509	510	335	520	39	0	
11	0	0	0	0	514	508	335	499	39	0	
12	0	0	0	0	505	507	335	526	39	0	
13	0	0	0	0	513	506	335	506	39	0	
14	0	0	0	0	510	510	335	527	39	0	
15	0	0	0	0	513	507	335	504	39	0	
0	0	0	0	0	513	510	335	515	39	0	
1	0	0	0	0	526	509	335	498	39	0	
2	0	0	0	0	505	511	335	524	39	0	
3	0	0	0	0	520	510	335	492	39	0	
4	0	0	0	0	511	509	335	522	39	0	
5	0	0	0	0	520	510	335	493	39	0	
6	0	0	0	0	508	512	335	519	39	0	
7	0	0	0	0	511	509	335	498	39	0	
8	0	0	0	0	509	510	335	519	39	0	
9	0	0	0	0	522	508	335	501	39	0	
10	0	0	0	0	509	511	335	530	39	0	
11	0	0	0	0	517	507	335	504	39	0	
12	0	0	0	0	507	505	335	521	39	0	
13	0	0	0	0	516	507	335	492	39	0	
14	0	0	0	0	511	508	334	516	39	0	
15	0	0	0	0	521	504	335	511	39	0	
0	0	0	0	0	510	510	334	518	39	0	
1	0	0	0	0	515	505	335	498	39	0	
2	0	0	0	0	509	507	334	522	39	0	
3	0	0	0	0	519	509	335	496	39	0	
4	0	0	0	0	509	508	334	520	39	0	
5	0	0	0	0	523	510	334	504	39	0	
6	0	0	0	0	507	508	334	520	39	0	
7	0	0	0	0	519	507	334	495	39	0	
8	0	0	0	0	515	510	334	523	39	0	
9	0	0	0	0	519	510	334	501	39	0	
10	0	0	0	0	510	509	334	526	39	0	
11	0	0	0	0	517	510	334	502	39	0	
12	0	0	0	0	513	511	334	516	39	0	
13	0	0	0	0	519	508	334	504	39	0	
14	0	0	0	0	512	511	334	512	39	0	
15	0	0	0	0	520	510	334	505	39	0	
0	0	0	0	0	508	512	334	523	39	0	
1	0	0	0	0	518	510	334	498	39	0	
2	0	0	0	0	511	510	334	519	39	0	
3	0	0	0	0	519	507	334	499	39	0	
4	0	0	0	0	517	507	334	525	39	0	
5	0	0	0	0	513	505	334	493	39	0	
6	0	0	0	0	508	510	334	527	39	0	
7	0	0	0	0	517	509	334	496	39	0	
8	0	0	0	0	513	507	334	520	39	0	
9	0	0	0	0	519	508	334	495	39	0	
10	0	0	0	0	516	507	334	520	39	0	
11	0	0	0	0	513	507	334	506	39	0	
12	0	0	0	0	506	508	334	519	39	0	
13	0	0	0	0	519	504	334	505	39	0	
14	0	0	0	0	510	509	334	512	39	0	
15	0	0	0	0	519	507	334	498	39	0	
0	0	0	0	0	512	509	334	514	39	0	
1	0	0	0	0	515	508	334	498	39	0	
2	0	0	0	0	511	507	334	523	39	0	
3	0	0	0	0	516	508	334	503	39	0	
4	0	0	0	0	516	508	334	519	39	0	
5	0	0	0	0	516	507	334	509	39	0	
6	0	0	0	0	506	509	334	522	39	0	
7	0	0	0	0	517	508	334	497	39	0	
8	0	0	0	0	511	508	334	519	39	0	
9	0	0	0	0	515	508	334	499	39	0	
10	0	0	0	0	510	505	333	511	39	0	
11	0	0	0	0	513	508	334	501	39	0	
12	0	0	0	0	512	508	333	521	39	0	
13	0	0	0	0	517	508	334	504	39	0	
14	0	0	0	0	512	510	333	521	39	0	
15	0	0	0	0	513	507	334	503	39	0	
0	0	0	0	0	508	510	333	518	39	0	
1	0	0	0	0	523	505	334	498	39	0	
2	0	0	0	0	515	506	333	518	39	0	
3	0	0	0	0	519	508	333	506	39	0	
4	0	0	0	0	509	509	333	515	39	0	
5	0	0	0	0	519	511	333	491	39	0	
6	0	0	0	0	510	511	333	510	39	0	
7	0	0	0	0	519	508	333	501	39	0	
8	0	0	0	0	504	511	333	515	39	0	
9	0	0	0	0	515	507	333	511	39	0	
10	0	0	0	0	509	511	333	520	39	0	
11	0	0	0	0	511	508	333	508	39	0	
12	0	0	0	0	505	509	333	513	39	0	
13	0	0	0	0	519	508	333	504	39	0	
14	0	0	0	0	515	508	333	524	39	0	
15	0	0	0	0	515	510	333	500	39	0	
0	0	0	0	0	508	508	333	524	39	0	
1	0	0	0	0	521	511	333	500	39	0	
2	0	0	0	0	512	510	333	515	39	0	
3	0	0	0	0	514	507	333	500	39	0	
4	0	0	0	0	504	509	333	515	39	0	
5	0	0	0	0	507	508	333	500	39	0	
6	0	0	0	0	509	508	333	517	39	0	
7	0	0	0	0	526	505	333	507	39	0	
8	0	0	0	0	512	507	333	517	39	0	
9	0	0	0	0	518	507	333	500	39	0	
10	0	0	0	0	514	509	333	512	39	0	
11	0	0	0	0	512	508	333	498	39	0	
12	0	0	0	0	506	511	333	525	39	0	
13	0	0	0	0	515	509	333	499	39	0	
14	0	0	0	0	510	506	333	515	39	0	
15	0	0	0	0	522	510	333	496	39	0	
0	0	0	0	0	520	509	333	514	39	0	
1	0	0	0	0	515	506	333	507	39	0	
2	0	0	0	0	506	509	333	513	39	0	
3	0	0	0	0	516	509	333	505	39	0	
4	0	0	0	0	511	507	333	510	39	0	
5	0	0	0	0	516	507	333	508	39	0	
6	0	0	0	0	512	508	332	519	39	0	
7	0	0	0	0	517	506	333	512	39	0	
8	0	0	0	0	505	511	333	511	39	0	
9	0	0	0	0	519	509	333	508	39	0	
10	0	0	0	0	512	509	332	516	39	0	
11	0	0	0	0	519	508	333	506	39	0	
12	0	0	0	0	507	511	332	526	39	0	
13	0	0	0	0	520	507	333	503	39	0	
14	0	0	0	0	514	508	332	505	39	0	
15	0	0	0	0	512	507	332	501	39	0	
0	0	0	0	0	513	507	332	515	39	0	
1	0	0	0	0	512	509	332	500	39	0	
2	0	0	0	0	515	510	332	523	39	0	
3	0	0	0	0	519	507	332	508	39	0	
4	0	0	0	0	509	508	332	515	39	0	
5	0	0	0	0	521	507	332	499	39	0	
6	0	0	0	0	508	506	332	519	39	0	
7	0	0	0	0	516	504	332	502	39	0	
8	0	0	0	0	508	508	332	515	39	0	
9	0	0	0	0	518	508	332	505	39	0	
10	0	0	0	0	513	511	332	516	39	0	
11	0	0	0	0	513	511	332	506	39	0	
12	0	0	0	0	515	508	332	519	39	0	
13	0	0	0	0	521	506	332	507	39	0	
14	0	0	0	0	512	509	332	526	39	0	
15	0	0	0	0	521	508	332	511	39	0	
0	0	0	0	0	511	508	332	520	39	0	
1	0	0	0	0	515	508	332	508	39	0	
2	0	0	0	0	510	507	332	511	39	0	
3	0	0	0	0	516	508	332	504	39	0	
4	0	0	0	0	508	509	332	512	39	0	
5	0	0	0	0	517	509	332	499	39	0	
6	0	0	0	0	512	509	332	518	39	0	
7	0	0	0	0	513	507	332	499	39	0	
8	0	0	0	0	516	508	332	518	39	0	
9	0	0	0	0	510	507	332	504	39	0	
10	0	0	0	0	508	511	332	517	39	0	
11	0	0	0	0	516	510	332	498	39	0	
12	0	0	0	0	510	508	332	520	39	0	
13	0	0	0	0	524	508	332	504	39	0	
14	0	0	0	0	506	505	332	511	39	0	
15	0	0	0	0	524	508	332	506	39	0	
0	0	0	0	0	512	509	332	517	39	0	
1	0	0	0	0	518	508	332	512	39	0	
2	0	0	0	0	511	511	332	521	39	0	
3	0	0	0	0	517	507	332	498	39	0	
4	0	0	0	0	508	508	332	507	39	0	
5	0	0	0	0	514	507	332	500	39	0	
6	0	0	0	0	508	507	332	509	39	0	
7	0	0	0	0	513	511	332	506	39	0	
8	0	0	0	0	512	508	332	508	39	0	
9	0	0	0	0	520	506	332	510	39	0	
10	0	0	0	0	514	506	332	513	39	0	
11	0	0	0	0	517	507	332	507	39	0	
12	0	0	0	0	510	506	332	518	39	0	
13	0	0	0	0	515	507	332	504	39	0	
14	0	0	0	0	508	505	332	517	39	0	
15	0	0	0	0	510	507	332	507	39	0	
0	0	0	0	0	510	509	332	507	39	0	
1	0	0	0	0	514	508	332	508	39	0	
2	0	0	0	0	507	508	331	520	39	0	
3	0	0	0	0	519	511	332	495	39	0	
4	0	0	0	0	510	511	332	514	39	0	
5	0	0	0	0	520	510	332	512	39	0	
6	0	0	0	0	512	508	331	514	39	0	
7	0	0	0	0	519	510	332	504	39	0	
8	0	0	0	0	515	510	331	507	39	0	
9	0	0	0	0	512	507	331	508	39	0	
10	0	0	0	0	510	510	331	507	39	0	
11	0	0	0	0	511	508	331	499	39	0	
12	0	0	0	0	508	510	331	520	39	0	
13	0	0	0	0	517	509	331	508	39	0	
14	0	0	0	0	510	509	331	518	39	0	
15	0	0	0	0	522	511	331	516	39	0	
0	0	0	0	0	511	508	331	513	39	0	
1	0	0	0	0	520	510	331	511	39	0	
2	0	0	0	0	513	510	331	518	39	0	
3	0	0	0	0	510	507	331	509	39	0	
4	0	0	0	0	512	506	331	518	39	0	
5	0	0	0	0	515	507	331	504	39	0	
6	0	0	0	0	516	509	331	510	39	0	
7	0	0	0	0	513	510	331	508	39	0	
8	0	0	0	0	508	509	331	510	39	0	
9	0	0	0	0	512	506	331	507	39	0	
10	0	0	0	0	510	510	331	512	39	0	
11	0	0	0	0	513	511	331	508	39	0	
12	0	0	0	0	509	510	331	508	39	0	
13	0	0	0	0	511	509	331	506	39	0	
14	0	0	0	0	512	506	331	505	39	0	
15	0	0	0	0	514	510	331	516	39	0	
0	0	0	0	0	512	509	331	519	39	0	
1	0	0	0	0	521	509	331	504	39	0	
2	0	0	0	0	510	509	331	514	39	0	
3	0	0	0	0	515	509	331	500	39	0	
4	0	0	0	0	509	507	331	505	39	0	
5	0	0	0	0	521	508	331	498	39	0	
6	0	0	0	0	514	511	331	505	39	0	
7	0	0	0	0	519	507	331	506	39	0	
8	0	0	0	0	511	505	331	504	39	0	
9	0	0	0	0	514	509	331	511	39	0	
10	0	0	0	0	510	508	331	502	39	0	
11	0	0	0	0	512	511	331	502	39	0	
12	0	0	0	0	513	509	331	513	39	0	
13	0	0	0	0	525	509	331	512	39	0	
14	0	0	0	0	509	509	331	515	39	0	
15	0	0	0	0	518	509	331	504	39	0	
0	0	0	0	0	509	508	331	509	39	0	
1	0	0	0	0	513	508	331	508	39	0	
2	0	0	0	0	512	507	331	515	39	0	
3	0	0	0	0	521	509	331	512	39	0	
4	0	0	0	0	506	508	331	512	39	0	
5	0	0	0	0	512	509	331	511	39	0	
6	0	0	0	0	506	509	330	508	39	0	
7	0	0	0	0	510	509	331	508	39	0	
8	0	0	0	0	511	505	331	508	39	0	
9	0	0	0	0	517	508	331	504	39	0	
10	0	0	0	0	511	508	330	511	39	0	
11	0	0	0	0	511	508	331	511	39	0	
12	0	0	0	0	506	511	331	514	39	0	
13	0	0	0	0	521	510	331	516	39	0	
14	0	0	0	0	509	506	330	511	39	0	
15	0	0	0	0	525	509	330	516	39	0	
0	0	0	0	0	505	507	330	513	39	0	
1	0	0	0	0	517	510	330	508	39	0	
2	0	0	0	0	514	507	330	506	39	0	
3	0	0	0	0	515	510	330	511	39	0	
4	0	0	0	0	507	507	330	504	39	0	
5	0	0	0	0	518	511	330	510	39	0	
6	0	0	0	0	503	509	330	505	39	0	
7	0	0	0	0	515	510	330	511	39	0	
8	0	0	0	0	510	510	330	511	39	0	
9	0	0	0	0	514	510	330	507	39	0	
10	0	0	0	0	512	509	330	509	39	0	
11	0	0	0	0	517	506	330	503	39	0	
12	0	0	0	0	504	508	330	509	39	0	
13	0	0	0	0	518	510	330	506	39	0	
14	0	0	0	0	511	508	330	504	39	0	
15	0	0	0	0	520	510	330	505	39	0	
0	0	0	0	0	504	510	330	512	39	0	
1	0	0	0	0	519	505	330	500	39	0	
2	0	0	0	0	506	508	330	513	39	0	
3	0	0	0	0	520	508	330	508	39	0	
4	0	0	0	0	512	507	330	505	39	0	
5	0	0	0	0	517	510	330	512	39	0	
6	0	0	0	0	510	509	330	511	39	0	
7	0	0	0	0	521	509	330	510	39	0	
8	0	0	0	0	505	510	330	508	39	0	
9	0	0	0	0	516	510	330	510	39	0	
10	0	0	0	0	507	508	330	510	39	0	
11	0	0	0	0	514	510	330	512	39	0	
12	0	0	0	0	505	510	330	504	39	0	
13	0	0	0	0	515	508	330	506	39	0	
14	0	0	0	0	508	505	330	504	39	0	
15	0	0	0	0	518	505	330	509	39	0	
0	0	0	0	0	510	509	330	505	39	0	
1	0	0	0	0	513	512	330	508	39	0	
2	0	0	0	0	511	507	330	513	39	0	
3	0	0	0	0	527	509	330	508	39	0	
4	0	0	0	0	508	507	330	504	39	0	
5	0	0	0	0	514	507	330	505	39	0	
6	0	0	0	0	508	508	330	504	39	0	
7	0	0	0	0	519	509	330	508	39	0	
8	0	0	0	0	513	510	330	512	39	0	
9	0	0	0	0	520	511	329	514	39	0	
10	0	0	0	0	514	508	329	503	39	0	
11	0	0	0	0	516	508	330	512	39	0	
12	0	0	0	0	509	508	330	512	39	0	
13	0	0	0	0	518	508	330	524	39	0	
14	0	0	0	0	507	509	329	505	39	0	
15	0	0	0	0	516	510	329	507	39	0	
0	0	0	0	0	506	508	330	505	39	0	
1	0	0	0	0	514	507	329	510	39	0	
2	0	0	0	0	505	508	329	500	39	0	
3	0	0	0	0	519	507	329	507	39	0	
4	0	0	0	0	506	503	329	505	39	0	
5	0	0	0	0	519	509	329	516	39	0	
6	0	0	0	0	506	510	329	507	39	0	
7	0	0	0	0	513	507	329	515	39	0	
8	0	0	0	0	507	508	329	513	39	0	
9	0	0	0	0	521	510	329	509	39	0	
10	0	0	0	0	510	511	329	499	39	0	
11	0	0	0	0	513	510	329	525	39	0	
12	0	0	0	0	511	506	329	502	39	0	
13	0	0	0	0	520	511	329	513	39	0	
14	0	0	0	0	507	511	329	508	39	0	
15	0	0	0	0	516	512	329	506	39	0	
0	0	0	0	0	523	510	329	506	39	0	
1	0	0	0	0	510	510	329	518	39	0	
2	0	0	0	0	509	509	329	506	39	0	
3	0	0	0	0	518	508	329	515	39	0	
4	0	0	0	0	505	506	329	507	39	0	
5	0	0	0	0	516	508	329	517	39	0	
6	0	0	0	0	507	506	329	504	39	0	
7	0	0	0	0	516	508	329	519	39	0	
8	0	0	0	0	508	509	329	502	39	0	
9	0	0	0	0	518	509	329	507	39	0	
10	0	0	0	0	513	507	329	494	39	0	
11	0	0	0	0	511	507	329	516	39	0	
12	0	0	0	0	515	508	329	500	39	0	
13	0	0	0	0	518	510	329	519	39	0	
14	0	0	0	0	517	509	329	501	39	0	
15	0	0	0	0	514	509	329	515	39	0	
0	0	0	0	0	512	510	329	509	39	0	
1	0	0	0	0	513	505	329	508	39	0	
2	0	0	0	0	509	507	329	511	39	0	
3	0	0	0	0	515	508	329	513	39	0	
4	0	0	0	0	513	508	329	503	39	0	
5	0	0	0	0	514	508	329	510	39	0	
6	0	0	0	0	507	505	329	499	39	0	
7	0	0	0	0	516	506	329	512	39	0	
8	0	0	0	0	511	508	329	508	39	0	
9	0	0	0	0	513	508	329	521	39	0	
10	0	0	0	0	518	511	329	507	39	0	
11	0	0	0	0	516	511	329	515	39	0	
12	0	0	0	0	514	508	329	506	39	0	
13	0	0	0	0	510	507	329	512	39	0	
14	0	0	0	0	510	509	329	504	39	0	
15	0	0	0	0	511	511	329	521	39	0	
0	0	0	0	0	514	511	329	499	39	0	
1	0	0	0	0	516	511	329	509	39	0	
2	0	0	0	0	512	509	329	500	39	0	
3	0	0	0	0	522	510	329	516	39	0	
4	0	0	0	0	514	509	329	497	39	0	
5	0	0	0	0	515	508	329	516	39	0	
6	0	0	0	0	515	507	329	504	39	0	
7	0	0	0	0	517	506	329	513	39	0	
8	0	0	0	0	517	507	329	504	39	0	
9	0	0	0	0	522	508	329	517	39	0	
10	0	0	0	0	515	508	329	497	39	0	
11	0	0	0	0	514	509	329	518	39	0	
12	0	0	0	0	510	508	329	503	39	0	
13	0	0	0	0	518	507	329	518	39	0	
14	0	0	0	0	511	509	328	504	39	0	
15	0	0	0	0	520	511	328	504	39	0	
0	0	0	0	0	509	507	329	504	39	0	
1	0	0	0	0	522	506	328	511	39	0	
2	0	0	0	0	513	509	328	497	39	0	
3	0	0	0	0	511	510	328	519	39	0	
4	0	0	0	0	511	510	329	510	39	0	
5	0	0	0	0	513	508	328	519	39	0	
6	0	0	0	0	507	505	328	503	39	0	
7	0	0	0	0	515	509	328	515	39	0	
8	0	0	0	0	505	505	328	507	39	0	
9	0	0	0	0	522	511	328	518	39	0	
10	0	0	0	0	514	508	328	498	39	0	
11	0	0	0	0	510	508	328	525	39	0	
12	0	0	0	0	511	507	328	505	39	0	
13	0	0	0	0	511	512	328	519	39	0	
14	0	0	0	0	510	510	328	502	39	0	
15	0	0	0	0	519	510	328	518	39	0	
0	0	0	0	0	508	504	328	494	39	0	
1	0	0	0	0	515	511	328	516	39	0	
2	0	0	0	0	509	509	328	500	39	0	
3	0	0	0	0	512	510	328	516	39	0	
4	0	0	0	0	511	506	328	499	39	0	
5	0	0	0	0	521	510	328	516	39	0	
6	0	0	0	0	516	509	328	501	39	0	
7	0	0	0	0	515	509	328	521	39	0	
8	0	0	0	0	513	508	328	502	39	0	
9	0	0	0	0	513	510	328	525	39	0	
10	0	0	0	0	514	508	328	504	39	0	
11	0	0	0	0	515	511	328	522	39	0	
12	0	0	0	0	515	509	328	508	39	0	
13	0	0	0	0	515	508	328	521	39	0	
14	0	0	0	0	513	510	328	499	39	0	
15	0	0	0	0	519	506	328	515	39	0	
0	0	0	0	0	512	510	328	507	39	0	
1	0	0	0	0	516	508	328	521	39	0	
2	0	0	0	0	516	508	328	512	39	0	
3	0	0	0	0	514	512	327	524	39	0	
4	0	0	0	0	514	507	328	495	39	0	
5	0	0	0	0	515	509	327	520	39	0	
6	0	0	0	0	513	507	327	497	39	0	
7	0	0	0	0	515	510	327	514	39	0	
8	0	0	0	0	517	508	327	500	39	0	
9	0	0	0	0	507	511	327	518	39	0	
10	0	0	0	0	504	508	327	499	39	0	
11	0	0	0	0	511	511	327	519	39	0	
12	0	0	0	0	512	507	327	495	39	0	
13	0	0	0	0	516	508	327	516	39	0	
14	0	0	0	0	514	505	327	502	39	0	
15	0	0	0	0	519	507	327	521	39	0	
0	0	0	0	0	513	511	327	501	39	0	
1	0	0	0	0	509	509	327	511	39	0	
2	0	0	0	0	515	508	327	489	39	0	
3	0	0	0	0	518	508	327	518	39	0	
4	0	0	0	0	511	507	327	504	39	0	
5	0	0	0	0	518	508	327	514	39	0	
6	0	0	0	0	516	503	327	494	39	0	
7	0	0	0	0	509	508	327	516	39	0	
8	0	0	0	0	512	506	327	499	39	0	
9	0	0	0	0	512	511	327	521	39	0	
10	0	0	0	0	512	508	327	503	39	0	
11	0	0	0	0	514	510	327	530	39	0	
12	0	0	0	0	514	507	327	503	39	0	
13	0	0	0	0	515	508	327	516	39	0	
14	0	0	0	0	507	508	327	498	39	0	
15	0	0	0	0	513	510	327	520	39	0	
0	0	0	0	0	509	508	327	504	39	0	
1	0	0	0	0	512	510	327	519	39	0	
2	0	0	0	0	514	507	327	495	39	0	
3	0	0	0	0	517	510	327	518	39	0	
4	0	0	0	0	519	507	327	494	39	0	
5	0	0	0	0	518	508	327	510	39	0	
6	0	0	0	0	513	503	327	502	39	0	
7	0	0	0	0	516	507	327	520	39	0	
8	0	0	0	0	511	504	327	496	39	0	
9	0	0	0	0	514	508	327	518	39	0	
10	0	0	0	0	515	508	327	496	39	0	
11	0	0	0	0	514	512	327	518	39	0	
12	0	0	0	0	514	507	327	495	39	0	
13	0	0	0	0	519	511	327	514	39	0	
14	0	0	0	0	520	509	327	497	39	0	
15	0	0	0	0	517	509	327	526	39	0	
0	0	0	0	0	508	508	327	504	39	0	
1	0	0	0	0	516	509	327	519	39	0	
2	0	0	0	0	509	505	327	499	39	0	
3	0	0	0	0	519	508	327	525	39	0	
4	0	0	0	0	516	509	327	495	39	0	
5	0	0	0	0	523	510	327	522	39	0	
6	0	0	0	0	508	505	327	502	39	0	
7	0	0	0	0	513	508	327	519	39	0	
8	0	0	0	0	513	506	327	496	39	0	
9	0	0	0	0	519	507	327	522	39	0	
10	0	0	0	0	521	509	327	496	39	0	
11	0	0	0	0	505	509	327	529	39	0	
12	0	0	0	0	505	508	327	494	39	0	
13	0	0	0	0	518	510	327	521	39	0	
14	0	0	0	0	508	510	327	499	39	0	
15	0	0	0	0	518	513	327	521	39	0	
0	0	0	0	0	508	507	327	502	39	0	
1	0	0	0	0	512	503	327	520	39	0	
2	0	0	0	0	514	506	327	500	39	0	
3	0	0	0	0	519	508	327	529	39	0	
4	0	0	0	0	509	507	327	504	39	0	
5	0	0	0	0	512	511	327	515	39	0	
6	0	0	0	0	515	505	327	501	39	0	
7	0	0	0	0	514	510	327	515	39	0	
8	0	0	0	0	520	507	327	494	39	0	
9	0	0	0	0	515	508	327	529	39	0	
10	0	0	0	0	511	509	327	497	39	0	
11	0	0	0	0	515	510	327	527	39	0	
12	0	0	0	0	510	506	327	498	39	0	
13	0	0	0	0	512	509	327	533	39	0	
14	0	0	0	0	513	507	327	504	39	0	
15	0	0	0	0	511	509	327	533	39	0	
0	0	0	0	0	515	508	327	496	39	0	
1	0	0	0	0	508	506	327	527	39	0	
2	0	0	0	0	514	507	327	492	39	0	
3	0	0	0	0	520	508	327	526	39	0	
4	0	0	0	0	515	508	327	494	39	0	
5	0	0	0	0	515	508	327	520	39	0	
6	0	0	0	0	511	508	327	491	39	0	
7	0	0	0	0	507	508	327	526	39	0	
8	0	0	0	0	517	507	327	504	39	0	
9	0	0	0	0	512	510	327	528	39	0	
10	0	0	0	0	513	507	327	496	39	0	
11	0	0	0	0	510	511	327	528	39	0	
12	0	0	0	0	509	510	327	509	39	0	
13	0	0	0	0	519	510	327	523	39	0	
14	0	0	0	0	504	508	327	493	39	0	
15	0	0	0	0	516	511	327	522	39	0	
0	0	0	0	0	511	510	327	497	39	0	
1	0	0	0	0	510	510	327	530	39	0	
2	0	0	0	0	512	507	327	489	39	0	
3	0	0	0	0	513	510	327	519	39	0	
4	0	0	0	0	525	506	327	495	39	0	
5	0	0	0	0	517	512	327	528	39	0	
6	0	0	0	0	516	506	327	499	39	0	
7	0	0	0	0	511	508	327	523	39	0	
8	0	0	0	0	507	506	327	495	39	0	
9	0	0	0	0	511	509	327	531	39	0	
10	0	0	0	0	520	508	327	494	39	0	
11	0	0	0	0	510	507	327	512	39	0	
12	0	0	0	0	517	505	328	492	39	0	
13	0	0	0	0	519	511	328	526	39	0	
14	0	0	0	0	512	507	328	498	39	0	
15	0	0	0	0	508	510	328	525	39	0	
0	0	0	0	0	514	507	328	493	39	0	
1	0	0	0	0	514	510	328	522	39	0	
2	0	0	0	0	514	508	328	499	39	0	
3	0	0	0	0	510	508	328	517	39	0	
4	0	0	0	0	517	509	329	494	39	0	
5	0	0	0	0	512	511	329	522	39	0	
6	0	0	0	0	512	505	329	495	39	0	
7	0	0	0	0	509	510	329	527	39	0	
8	0	0	0	0	517	506	329	500	39	0	
9	0	0	0	0	513	508	329	529	39	0	
10	0	0	0	0	518	508	329	488	39	0	
11	0	0	0	0	517	511	329	527	39	0	
12	0	0	0	0	512	509	329	492	39	0	
13	0	0	0	0	515	509	329	526	39	0	
14	0	0	0	0	512	508	329	493	39	0	
15	0	0	0	0	518	509	329	520	39	0	
0	0	0	0	0	514	508	329	490	39	0	
1	0	0	0	0	510	510	329	523	39	0	
2	0	0	0	0	512	506	329	493	39	0	
3	0	0	0	0	515	508	329	524	39	0	
4	0	0	0	0	516	508	330	499	39	0	
5	0	0	0	0	509	509	329	526	39	0	
6	0	0	0	0	514	505	330	495	39	0	
7	0	0	0	0	511	509	330	525	39	0	
8	0	0	0	0	516	508	330	497	39	0	
9	0	0	0	0	504	511	330	526	39	0	
10	0	0	0	0	520	508	330	496	39	0	
11	0	0	0	0	514	510	330	527	39	0	
12	0	0	0	0	514	508	330	488	39	0	
13	0	0	0	0	517	512	330	524	39	0	
14	0	0	0	0	510	510	331	494	39	0	
15	0	0	0	0	514	508	330	519	39	0	
0	0	0	0	0	518	510	331	490	39	0	
1	0	0	0	0	507	509	331	531	39	0	
2	0	0	0	0	513	506	331	496	39	0	
3	0	0	0	0	516	511	331	522	39	0	
4	0	0	0	0	515	508	331	501	39	0	
5	0	0	0	0	511	508	331	517	39	0	
6	0	0	0	0	514	507	331	502	39	0	
7	0	0	0	0	520	508	331	526	39	0	
8	0	0	0	0	515	508	331	492	39	0	
9	0	0	0	0	515	508	331	528	39	0	
10	0	0	0	0	515	505	331	490	39	0	
11	0	0	0	0	516	510	331	527	39	0	
12	0	0	0	0	514	505	332	487	39	0	
13	0	0	0	0	509	508	332	531	39	0	
14	0	0	0	0	512	508	332	497	39	0	
15	0	0	0	0	516	508	332	533	39	0	
0	0	0	0	0	511	508	332	498	39	0	
1	0	0	0	0	516	508	332	530	39	0	
2	0	0	0	0	516	507	332	497	39	0	
3	0	0	0	0	511	510	332	531	39	0	
4	0	0	0	0	513	508	332	496	39	0	
5	0	0	0	0	516	512	332	530	39	0	
6	0	0	0	0	513	509	332	489	39	0	
7	0	0	0	0	505	512	332	523	39	0	
8	0	0	0	0	519	508	333	487	39	0	
9	0	0	0	0	519	515	333	527	39	0	
10	0	0	0	0	515	507	333	495	39	0	
11	0	0	0	0	513	510	333	529	39	0	
12	0	0	0	0	510	504	333	500	39	0	
13	0	0	0	0	517	507	333	528	39	0	
14	0	0	0	0	513	503	333	496	39	0	
15	0	0	0	0	510	511	333	525	39	0	
0	0	0	0	0	521	509	334	498	39	0	
1	0	0	0	0	513	507	333	526	39	0	
2	0	0	0	0	514	507	334	501	39	0	
3	0	0	0	0	517	509	334	530	39	0	
4	0	0	0	0	515	504	334	492	39	0	
